1 0.3578125 0.97109375 0.20703125 0.05703125
0 0.4734375 0.46171875 0.034375 0.05625
0 0.44375 0.42734375 0.0265625 0.0625
0 0.3765625 0.23515625 0.03046875 0.06640625
0 0.33828125 0.08984375 0.02265625 0.08359375
0 0.3109375 0.128125 0.02421875 0.04921875
0 0.259375 0.121875 0.025 0.0546875
0 0.2453125 0.0671875 0.02265625 0.0671875
0 0.22109375 0.0296875 0.02265625 0.0515625
0 0.21875 0.12109375 0.0296875 0.06484375
0 0.2265625 0.18828125 0.02421875 0.04765625
0 0.25078125 0.24921875 0.025 0.04609375
0 0.290625 0.29296875 0.0203125 0.0453125
0 0.3125 0.35078125 0.03984375 0.04296875
0 0.50859375 0.70390625 0.03515625 0.07109375
0 0.46328125 0.64140625 0.02265625 0.05703125
0 0.3921875 0.50625 0.02578125 0.05625
0 0.39296875 0.3890625 0.0375 0.0859375
0 0.36015625 0.53359375 0.025 0.059375
0 0.3671875 0.596875 0.02421875 0.0421875
0 0.38671875 0.721875 0.03828125 0.0515625
0 0.475 0.8078125 0.03046875 0.0609375
0 0.4921875 0.8765625 0.03203125 0.0421875
0 0.57265625 0.965625 0.0328125 0.06015625
0 0.53046875 0.96953125 0.028125 0.05
0 0.24921875 0.8390625 0.02578125 0.0828125
0 0.32578125 0.78984375 0.02265625 0.06796875
0 0.24921875 0.67109375 0.02109375 0.053125
0 0.26171875 0.5765625 0.0203125 0.0453125
0 0.26328125 0.5234375 0.025 0.046875
0 0.30078125 0.52421875 0.02421875 0.04453125
0 0.3 0.5765625 0.0171875 0.03359375
0 0.3140625 0.65703125 0.021875 0.046875
0 0.23203125 0.403125 0.0234375 0.0578125
0 0.2859375 0.403125 0.028125 0.0359375
0 0.1609375 0.390625 0.02421875 0.0515625
0 0.17890625 0.26171875 0.021875 0.05234375
0 0.18359375 0.1875 0.0234375 0.053125
0 0.19375 0.071875 0.02890625 0.06953125
0 0.14765625 0.07578125 0.02265625 0.0484375
0 0.1421875 0.146875 0.03046875 0.0421875
0 0.11875 0.17109375 0.025 0.06015625
0 0.09765625 0.0609375 0.028125 0.03984375
0 0.08203125 0.1453125 0.03046875 0.04921875
0 0.02265625 0.08828125 0.02890625 0.03984375
0 0.01875 0.2234375 0.02109375 0.0734375
0 0.10078125 0.29140625 0.02578125 0.04609375
0 0.0828125 0.2328125 0.0203125 0.04296875
0 0.0265625 0.3625 0.03046875 0.05390625
0 0.04765625 0.39609375 0.02890625 0.0484375
0 0.1515625 0.521875 0.02421875 0.046875
0 0.103125 0.4421875 0.0140625 0.05390625
0 0.121875 0.4296875 0.02109375 0.05859375
0 0.06640625 0.5578125 0.0203125 0.0421875
0 0.07734375 0.7375 0.02109375 0.08984375
0 0.19765625 0.80390625 0.0203125 0.0671875
0 0.2125 0.70546875 0.01953125 0.04453125
0 0.20859375 0.57734375 0.02578125 0.046875
0 0.20390625 0.378125 0.025 0.0453125
0 0.23515625 0.2953125 0.0265625 0.046875
0 0.14765625 0.69921875 0.0375 0.0609375
0 0.15859375 0.865625 0.0296875 0.06015625
0 0.121875 0.85546875 0.025 0.0953125
0 0.06484375 0.91171875 0.034375 0.05234375
0 0.0328125 0.7890625 0.0234375 0.0828125
0 0.0203125 0.696875 0.02578125 0.05625
0 0.0359375 0.63125 0.02578125 0.059375
0 0.06015625 0.50390625 0.05078125 0.0453125
0 0.146875 0.9328125 0.0203125 0.065625
0 0.3 0.8296875 0.01953125 0.05234375
0 0.28125 0.73203125 0.0296875 0.0484375
0 0.425 0.7421875 0.0296875 0.05859375
0 0.38828125 0.90625 0.02890625 0.0421875
0 0.54140625 0.82578125 0.03125 0.05859375