1 0.3578125 0.9125 0.421875 0.175
0 0.37734375 0.271875 0.03203125 0.0734375
0 0.61953125 0.059375 0.025 0.096875
0 0.7515625 0.0515625 0.021875 0.0734375
0 0.7734375 0.046875 0.02421875 0.07265625
0 0.48828125 0.12421875 0.0203125 0.09296875
0 0.45703125 0.0421875 0.0265625 0.084375
0 0.434375 0.15703125 0.0171875 0.0953125
0 0.36953125 0.1421875 0.02109375 0.08515625
0 0.41640625 0.034375 0.0234375 0.06875
0 0.35234375 0.046875 0.0234375 0.06328125
0 0.33671875 0.10625 0.01796875 0.07890625
0 0.31328125 0.11640625 0.01875 0.06640625
0 0.1171875 0.13125 0.021875 0.08046875
0 0.3 0.046875 0.0296875 0.071875
0 0.275 0.075 0.0171875 0.10546875
0 0.246875 0.06796875 0.01484375 0.0953125
0 0.22578125 0.05390625 0.02421875 0.07421875
0 0.18984375 0.08515625 0.01953125 0.11015625
0 0.05703125 0.06875 0.02734375 0.08203125
0 0.02734375 0.03515625 0.0234375 0.05859375
0 0.28671875 0.19453125 0.0265625 0.10078125
0 0.54296875 0.03515625 0.0265625 0.0703125
0 0.6875 0.03046875 0.0203125 0.0609375
0 0.665625 0.02890625 0.01875 0.05703125