1 0.27578125 0.80078125 0.53125 0.3984375
0 0.56640625 0.22265625 0.06015625 0.134375
0 0.68046875 0.0609375 0.02578125 0.08125
0 0.74140625 0.13359375 0.028125 0.1
0 0.79375 0.26484375 0.0359375 0.12578125
0 0.88515625 0.6765625 0.03515625 0.14140625
0 0.9015625 0.48671875 0.040625 0.11484375
0 0.80546875 0.1515625 0.0359375 0.10703125
0 0.915625 0.06953125 0.06015625 0.109375
0 0.9171875 0.3171875 0.0296875 0.11953125
0 0.95234375 0.29375 0.021875 0.13984375
0 0.9859375 0.42421875 0.0265625 0.12265625
0 0.8828125 0.19921875 0.021875 0.08203125
0 0.92734375 0.2015625 0.04140625 0.0875
0 0.79453125 0.05859375 0.0328125 0.06875
0 0.8484375 0.05078125 0.03203125 0.08671875
0 0.96796875 0.12109375 0.03828125 0.09765625
0 0.82265625 0.596875 0.02734375 0.11640625
0 0.853125 0.6015625 0.01875 0.1140625
0 0.99140625 0.66796875 0.01640625 0.09921875
0 0.87578125 0.328125 0.02890625 0.11875
0 0.98515625 0.0296875 0.02578125 0.059375