2 0.26328125 0.84140625 0.5265625 0.31640625
0 0.259375 0.56171875 0.075 0.11796875
0 0.5125 0.65390625 0.090625 0.121875
0 0.665625 0.53203125 0.08203125 0.0828125
0 0.09921875 0.56875 0.053125 0.11875
0 0.55390625 0.225 0.0765625 0.134375
0 0.31640625 0.05078125 0.04453125 0.1015625
0 0.22421875 0.23515625 0.034375 0.09140625
0 0.48203125 0.09296875 0.05703125 0.0796875
0 0.64765625 0.1953125 0.04453125 0.07578125
0 0.67265625 0.28515625 0.07734375 0.0765625
0 0.75078125 0.41484375 0.12890625 0.1140625