2 0.39453125 0.82734375 0.3203125 0.3453125
1 0.55703125 0.3609375 0.08125 0.26171875
1 0.796875 0.3796875 0.0609375 0.278125
1 0.65 0.1640625 0.0828125 0.328125
1 0.48515625 0.0984375 0.0546875 0.196875
1 0.38125 0.3125 0.0828125 0.23203125
1 0.225 0.525 0.1078125 0.18671875
1 0.79453125 0.90859375 0.11015625 0.12109375
1 0.6703125 0.88359375 0.109375 0.175
1 0.11796875 0.59765625 0.06328125 0.125
1 0.040625 0.61875 0.07421875 0.1125
1 0.0453125 0.76484375 0.08984375 0.10390625
1 0.19296875 0.8828125 0.0796875 0.103125
1 0.28046875 0.6875 0.06875 0.075