2 0.371875 0.81796875 0.34375 0.3640625
1 0.56640625 0.365625 0.1 0.2671875
1 0.8046875 0.40078125 0.0796875 0.28125
1 0.6734375 0.175 0.10625 0.3328125
1 0.5125 0.09921875 0.06875 0.1984375
1 0.39453125 0.3046875 0.0984375 0.2375
1 0.22421875 0.50546875 0.1203125 0.19375
1 0.765625 0.928125 0.11875 0.128125
1 0.64296875 0.89453125 0.121875 0.1828125
1 0.11171875 0.57109375 0.071875 0.1296875
1 0.03671875 0.58671875 0.0734375 0.1171875
1 0.03828125 0.7328125 0.0765625 0.109375
1 0.1671875 0.86015625 0.0859375 0.1078125
1 0.26796875 0.671875 0.0734375 0.0796875