2 0.3234375 0.7953125 0.3890625 0.4078125
1 0.58671875 0.37734375 0.1375 0.2734375
1 0.81640625 0.44921875 0.121875 0.284375
1 0.721875 0.20625 0.1546875 0.3390625
1 0.57578125 0.10546875 0.096875 0.2046875
1 0.4265625 0.290625 0.1328125 0.2453125
1 0.2265625 0.4625 0.146875 0.20625
1 0.6953125 0.94609375 0.134375 0.1078125
1 0.57890625 0.90703125 0.1453125 0.1859375
1 0.10546875 0.509375 0.0890625 0.1359375
1 0.03671875 0.51171875 0.0734375 0.1265625
1 0.0265625 0.6546875 0.053125 0.121875
1 0.11484375 0.80390625 0.1015625 0.11875
1 0.24375 0.63359375 0.084375 0.0890625