2 0.49375 0.859375 0.715625 0.28125
1 0.56640625 0.20625 0.078125 0.065625
1 0.67890625 0.12421875 0.0828125 0.1046875
1 0.7421875 0.071875 0.0828125 0.0640625
1 0.4828125 0.08515625 0.0765625 0.06875
1 0.484375 0.01953125 0.059375 0.0390625
1 0.53203125 0.42421875 0.0859375 0.0859375
1 0.4859375 0.3265625 0.0796875 0.096875
1 0.48203125 0.2171875 0.0640625 0.096875
1 0.45703125 0.171875 0.0546875 0.0671875
1 0.40390625 0.16015625 0.0453125 0.053125
1 0.41484375 0.34921875 0.06875 0.1015625
1 0.60703125 0.115625 0.0703125 0.0703125
1 0.21875 0.50078125 0.1 0.1296875
1 0.17109375 0.03359375 0.1328125 0.0671875
1 0.38671875 0.065625 0.0890625 0.09375
1 0.3125 0.06328125 0.0890625 0.0921875
1 0.2859375 0.115625 0.09375 0.10625
1 0.23046875 0.1703125 0.1015625 0.125
1 0.17109375 0.18828125 0.09375 0.109375
1 0.3171875 0.26953125 0.0703125 0.0828125
1 0.6203125 0.04609375 0.06875 0.071875
1 0.32421875 0.4390625 0.071875 0.0828125
1 0.12109375 0.12109375 0.06875 0.1171875