1 0.6 0.89609375 0.6859375 0.20703125
0 0.48828125 0.19921875 0.06796875 0.05
0 0.57578125 0.090625 0.06015625 0.09296875
0 0.6234375 0.0234375 0.0734375 0.046875
0 0.37578125 0.10390625 0.065625 0.053125
0 0.3578125 0.02734375 0.046875 0.0546875
0 0.51171875 0.41875 0.06953125 0.0703125
0 0.44140625 0.3359375 0.06015625 0.08359375
0 0.409375 0.23125 0.0421875 0.0890625
0 0.3734375 0.19453125 0.040625 0.059375
0 0.31953125 0.196875 0.03515625 0.0453125
0 0.37890625 0.3765625 0.046875 0.09296875
0 0.50390625 0.10078125 0.0578125 0.05703125
0 0.22890625 0.5734375 0.07265625 0.1140625
0 0.05078125 0.09140625 0.1015625 0.1359375
0 0.278125 0.109375 0.07109375 0.07734375
0 0.20234375 0.03671875 0.05546875 0.0640625
0 0.20546875 0.1265625 0.07109375 0.07578125
0 0.19375 0.184375 0.0734375 0.08984375
0 0.1546875 0.2515625 0.0765625 0.10859375
0 0.1015625 0.284375 0.071875 0.09375
0 0.2640625 0.325 0.053125 0.071875
0 0.4984375 0.03046875 0.05546875 0.06015625
0 0.3140625 0.48671875 0.0546875 0.071875
0 0.0359375 0.23203125 0.0421875 0.109375