2 0.60703125 0.8921875 0.6890625 0.215625
1 0.4828125 0.19921875 0.06875 0.0515625
1 0.56875 0.0890625 0.0625 0.09375
1 0.6140625 0.02265625 0.075 0.0453125
1 0.36875 0.10625 0.0671875 0.0546875
1 0.34921875 0.0296875 0.0484375 0.05625
1 0.51015625 0.41875 0.0703125 0.071875
1 0.43828125 0.33671875 0.0609375 0.084375
1 0.4046875 0.2328125 0.04375 0.0890625
1 0.36796875 0.196875 0.0421875 0.059375
1 0.3140625 0.2 0.0359375 0.0453125
1 0.3765625 0.37890625 0.0484375 0.09375
1 0.496875 0.10078125 0.059375 0.0578125
1 0.23046875 0.578125 0.075 0.115625
1 0.04765625 0.0984375 0.0953125 0.1375
1 0.27109375 0.11328125 0.071875 0.078125
1 0.19453125 0.0421875 0.05625 0.065625
1 0.19921875 0.13203125 0.071875 0.0765625
1 0.18828125 0.18984375 0.075 0.090625
1 0.15078125 0.2578125 0.078125 0.109375
1 0.09765625 0.29140625 0.0734375 0.0953125
1 0.2609375 0.32890625 0.0546875 0.0734375
1 0.490625 0.03046875 0.05625 0.0609375
1 0.3140625 0.48984375 0.05625 0.0734375
1 0.03125 0.23984375 0.04375 0.109375