2 0.434375 0.96015625 0.334375 0.0796875
1 0.63046875 0.4765625 0.0484375 0.1
1 0.6953125 0.11875 0.0796875 0.0734375
1 0.628125 0.05078125 0.040625 0.0625
1 0.58046875 0.03203125 0.046875 0.05
1 0.52890625 0.01484375 0.0546875 0.0296875
1 0.5953125 0.10625 0.0625 0.05
1 0.58515625 0.178125 0.0890625 0.0609375
1 0.58046875 0.37890625 0.059375 0.0625
1 0.51953125 0.3734375 0.0625 0.0859375
1 0.4703125 0.384375 0.0484375 0.05
1 0.52890625 0.44375 0.06875 0.0640625
1 0.4578125 0.45 0.046875 0.096875
1 0.4484375 0.51953125 0.046875 0.0703125
1 0.44296875 0.6671875 0.05625 0.0640625
1 0.42109375 0.72578125 0.0640625 0.0828125
1 0.38046875 0.81640625 0.071875 0.0546875
1 0.35625 0.7328125 0.0609375 0.084375
1 0.39921875 0.5859375 0.0609375 0.0546875
1 0.3265625 0.584375 0.0453125 0.059375
1 0.3796875 0.496875 0.05625 0.05625
1 0.20390625 0.49453125 0.065625 0.0421875
1 0.25390625 0.55625 0.059375 0.0421875
1 0.29921875 0.7109375 0.0453125 0.059375
1 0.2734375 0.64921875 0.0515625 0.059375
1 0.21640625 0.5859375 0.05 0.0609375
1 0.18125 0.61171875 0.0421875 0.0796875
1 0.2578125 0.77421875 0.0671875 0.0453125
1 0.28671875 0.8171875 0.06875 0.053125
1 0.19921875 0.84609375 0.0546875 0.0453125
1 0.2375 0.87734375 0.0609375 0.05
1 0.14453125 0.6890625 0.0546875 0.059375
1 0.11640625 0.72734375 0.0578125 0.053125
1 0.07734375 0.74765625 0.04375 0.059375
1 0.1203125 0.80703125 0.0703125 0.065625
1 0.10546875 0.85703125 0.05625 0.071875
1 0.1390625 0.96796875 0.0625 0.0609375
1 0.46875 0.1890625 0.059375 0.0875
1 0.45234375 0.26875 0.0453125 0.053125
1 0.03671875 0.4484375 0.059375 0.0859375
1 0.12890625 0.353125 0.0453125 0.05625
1 0.03046875 0.34140625 0.05625 0.0453125
1 0.02734375 0.62578125 0.0515625 0.0671875
1 0.03984375 0.69609375 0.0484375 0.0875
1 0.04140625 0.84765625 0.0703125 0.1171875
1 0.12578125 0.6046875 0.08125 0.1015625
1 0.12109375 0.5 0.0671875 0.06875
1 0.45078125 0.02421875 0.071875 0.046875
1 0.50703125 0.06953125 0.0578125 0.05
1 0.259375 0.31484375 0.0546875 0.06875
1 0.08984375 0.09140625 0.05 0.0765625
1 0.18984375 0.0703125 0.0640625 0.05
1 0.196875 0.16484375 0.0578125 0.05625
1 0.01796875 0.25625 0.0359375 0.071875
1 0.07734375 0.284375 0.0453125 0.05625
1 0.14921875 0.26015625 0.040625 0.065625
1 0.31640625 0.41484375 0.0765625 0.0828125
1 0.315625 0.5046875 0.0609375 0.078125
1 0.20078125 0.384375 0.0734375 0.08125
1 0.3203125 0.0859375 0.0546875 0.046875
1 0.259375 0.10390625 0.04375 0.05625
1 0.3078125 0.26640625 0.0375 0.053125