2 0.52734375 0.9203125 0.5125 0.159375
1 0.6015625 0.41015625 0.06640625 0.0984375
1 0.5484375 0.3109375 0.071875 0.0671875
1 0.55234375 0.203125 0.06953125 0.0765625
1 0.66953125 0.03984375 0.08671875 0.0796875
1 0.6375 0.1125 0.06875 0.1
1 0.478125 0.384375 0.0703125 0.08359375
1 0.47890625 0.275 0.04609375 0.1015625
1 0.43125 0.30859375 0.0515625 0.06171875
1 0.41484375 0.36328125 0.05859375 0.06328125
1 0.415625 0.4734375 0.0546875 0.1015625
1 0.3375 0.44375 0.0578125 0.0765625
1 0.346875 0.6765625 0.05859375 0.090625
1 0.29296875 0.53359375 0.0671875 0.07109375
1 0.3625 0.59609375 0.06484375 0.1046875
1 0.3421875 0.34296875 0.05234375 0.0796875
1 0.25859375 0.32265625 0.0703125 0.08515625
1 0.2765625 0.44453125 0.0609375 0.1
1 0.2109375 0.5171875 0.0515625 0.0640625
1 0.26484375 0.6875 0.084375 0.0859375
1 0.196875 0.59140625 0.0625 0.07578125
1 0.1625 0.5 0.04296875 0.06015625
1 0.05390625 0.5359375 0.07109375 0.1125
1 0.284375 0.803125 0.0609375 0.0546875
1 0.18125 0.7453125 0.05859375 0.05390625
1 0.121875 0.68359375 0.0640625 0.08203125
1 0.1640625 0.88671875 0.06015625 0.084375
1 0.16875 0.81484375 0.0734375 0.0890625
1 0.103125 0.82109375 0.06171875 0.10859375
1 0.02734375 0.75390625 0.0546875 0.14453125
1 0.03203125 0.89375 0.06328125 0.06484375
1 0.02578125 0.365625 0.05078125 0.0609375
1 0.12265625 0.365625 0.08125 0.0765625
1 0.1796875 0.315625 0.03046875 0.0609375
1 0.203125 0.284375 0.03046875 0.06484375
1 0.22421875 0.2296875 0.0375 0.08125
1 0.30625 0.25703125 0.034375 0.06171875
1 0.27421875 0.184375 0.0515625 0.06171875
1 0.36328125 0.20234375 0.06953125 0.05
1 0.42421875 0.19375 0.034375 0.065625
1 0.43515625 0.1234375 0.05234375 0.0609375
1 0.209375 0.1578125 0.06015625 0.0671875
1 0.08125 0.2515625 0.0828125 0.06015625
1 0.0734375 0.14453125 0.04921875 0.05546875
1 0.0390625 0.0484375 0.07421875 0.0953125
1 0.1328125 0.1671875 0.0703125 0.05625
1 0.16328125 0.06875 0.07265625 0.08203125
1 0.55078125 0.05703125 0.06484375 0.09453125
1 0.3875 0.05 0.08515625 0.07734375
1 0.33125 0.1515625 0.065625 0.0578125