2 0.48359375 0.90703125 0.5265625 0.1859375
1 0.61015625 0.42109375 0.0765625 0.1046875
1 0.56796875 0.3171875 0.078125 0.075
1 0.5828125 0.21015625 0.0765625 0.0828125
1 0.71640625 0.06015625 0.0953125 0.0890625
1 0.67734375 0.12890625 0.078125 0.10625
1 0.490625 0.3828125 0.078125 0.090625
1 0.50234375 0.27421875 0.05625 0.10625
1 0.4515625 0.30234375 0.0578125 0.0671875
1 0.4296875 0.35546875 0.065625 0.06875
1 0.41875 0.46484375 0.065625 0.10625
1 0.34453125 0.42734375 0.065625 0.0828125
1 0.32890625 0.659375 0.0671875 0.096875
1 0.290625 0.51171875 0.075 0.078125
1 0.353125 0.58125 0.075 0.1109375
1 0.359375 0.32734375 0.0609375 0.084375
1 0.278125 0.2984375 0.078125 0.0921875
1 0.28359375 0.42109375 0.0703125 0.10625
1 0.2109375 0.48671875 0.0578125 0.06875
1 0.246875 0.66171875 0.0921875 0.09375
1 0.1890625 0.559375 0.0703125 0.08125
1 0.1640625 0.46484375 0.0484375 0.0640625
1 0.05234375 0.4890625 0.0828125 0.11875
1 0.25390625 0.77890625 0.065625 0.0609375
1 0.15703125 0.7109375 0.0640625 0.059375
1 0.1046875 0.64296875 0.071875 0.0875
1 0.12578125 0.84921875 0.06875 0.090625
1 0.1375 0.778125 0.0828125 0.096875
1 0.071875 0.778125 0.0734375 0.1140625
1 0.01875 0.703125 0.0375 0.15
1 0.0140625 0.8421875 0.028125 0.071875
1 0.0421875 0.31640625 0.05625 0.065625
1 0.1390625 0.3265625 0.0890625 0.084375
1 0.20078125 0.2828125 0.0359375 0.0640625
1 0.22734375 0.2546875 0.0375 0.0671875
1 0.25390625 0.20234375 0.0453125 0.084375
1 0.3328125 0.23828125 0.040625 0.065625
1 0.30859375 0.1625 0.0578125 0.0671875
1 0.3953125 0.18984375 0.075 0.05625
1 0.45703125 0.1875 0.040625 0.06875
1 0.475 0.11875 0.0578125 0.065625
1 0.246875 0.1296875 0.0671875 0.0734375
1 0.109375 0.209375 0.0890625 0.06875
1 0.11328125 0.1015625 0.0546875 0.0609375
1 0.0890625 0.0265625 0.084375 0.053125
1 0.16953125 0.13046875 0.0765625 0.0640625
1 0.209375 0.03984375 0.08125 0.0796875
1 0.596875 0.06484375 0.075 0.1015625
1 0.43515625 0.04140625 0.0921875 0.0828125
1 0.36875 0.1359375 0.071875 0.0640625