2 0.403125 0.95390625 0.3375 0.0921875
1 0.63125 0.4859375 0.0515625 0.1015625
1 0.72109375 0.1328125 0.0828125 0.0765625
1 0.659375 0.0609375 0.04375 0.0640625
1 0.6125 0.0390625 0.0484375 0.0515625
1 0.5625 0.0171875 0.0546875 0.0328125
1 0.62265625 0.1140625 0.0640625 0.053125
1 0.60703125 0.18515625 0.090625 0.0640625
1 0.5890625 0.38515625 0.0609375 0.0640625
1 0.528125 0.375 0.065625 0.0875
1 0.47890625 0.38203125 0.05 0.0515625
1 0.5328125 0.44609375 0.071875 0.065625
1 0.4609375 0.446875 0.05 0.0984375
1 0.44765625 0.51640625 0.05 0.071875
1 0.43125 0.66328125 0.0578125 0.065625
1 0.40546875 0.71953125 0.0671875 0.0859375
1 0.35859375 0.80703125 0.0734375 0.05625
1 0.340625 0.72265625 0.0640625 0.0859375
1 0.39375 0.57890625 0.0625 0.05625
1 0.32109375 0.571875 0.046875 0.0609375
1 0.38046875 0.48828125 0.0578125 0.0578125
1 0.2046875 0.4734375 0.0671875 0.04375
1 0.25078125 0.53828125 0.0609375 0.04375
1 0.284375 0.69609375 0.046875 0.0609375
1 0.2640625 0.6328125 0.053125 0.0609375
1 0.2109375 0.56640625 0.0515625 0.0625
1 0.17421875 0.5890625 0.0453125 0.08125
1 0.2390625 0.75703125 0.06875 0.046875
1 0.26484375 0.8015625 0.0703125 0.0546875
1 0.17578125 0.82421875 0.05625 0.046875
1 0.2125 0.8578125 0.0625 0.0515625
1 0.13203125 0.6640625 0.05625 0.0609375
1 0.1015625 0.7 0.059375 0.0546875
1 0.06171875 0.71796875 0.0453125 0.0609375
1 0.1 0.7796875 0.0734375 0.0671875
1 0.08125 0.82890625 0.0578125 0.0734375
1 0.1078125 0.94140625 0.0640625 0.0625
1 0.490625 0.1875 0.0625 0.0890625
1 0.46875 0.265625 0.046875 0.0546875
1 0.04140625 0.41640625 0.0625 0.0875
1 0.13984375 0.328125 0.046875 0.0578125
1 0.04296875 0.309375 0.0578125 0.046875
1 0.02265625 0.5921875 0.0453125 0.06875
1 0.02734375 0.6640625 0.0515625 0.0890625
1 0.02734375 0.8140625 0.0546875 0.11875
1 0.11953125 0.57890625 0.084375 0.1046875
1 0.121875 0.47421875 0.06875 0.0703125
1 0.48359375 0.0234375 0.0734375 0.046875
1 0.5375 0.07109375 0.059375 0.0515625
1 0.27265625 0.2984375 0.0578125 0.0703125
1 0.11953125 0.0640625 0.053125 0.078125
1 0.22109375 0.05 0.065625 0.0515625
1 0.22109375 0.14453125 0.059375 0.0578125
1 0.034375 0.22265625 0.04375 0.0734375
1 0.09375 0.25546875 0.046875 0.0578125
1 0.16640625 0.2359375 0.04375 0.0671875
1 0.32265625 0.40234375 0.0796875 0.0859375
1 0.315625 0.4921875 0.0640625 0.0796875
1 0.21015625 0.36328125 0.0765625 0.0828125
1 0.34921875 0.07421875 0.05625 0.0484375
1 0.2875 0.08828125 0.0453125 0.0578125
1 0.32421875 0.25390625 0.0390625 0.0546875