2 0.59921875 0.89296875 0.5328125 0.2140625
1 0.584375 0.39375 0.0828125 0.1078125
1 0.51484375 0.30546875 0.0828125 0.078125
1 0.5 0.1984375 0.08125 0.0875
1 0.5859375 0.03203125 0.1 0.0640625
1 0.56796875 0.09453125 0.084375 0.1109375
1 0.45859375 0.38984375 0.084375 0.0953125
1 0.43984375 0.28203125 0.0625 0.1078125
1 0.39921875 0.3234375 0.0609375 0.0703125
1 0.3921875 0.38046875 0.06875 0.071875
1 0.4125 0.48828125 0.071875 0.109375
1 0.33046875 0.47265625 0.0703125 0.0859375
1 0.3796875 0.70078125 0.0734375 0.1
1 0.3015625 0.56875 0.078125 0.08125
1 0.38125 0.61875 0.0828125 0.1140625
1 0.3171875 0.37265625 0.065625 0.0875
1 0.23125 0.3671875 0.084375 0.0953125
1 0.2703125 0.484375 0.078125 0.109375
1 0.21796875 0.5671875 0.0625 0.071875
1 0.30078125 0.72578125 0.0984375 0.1
1 0.2171875 0.64296875 0.075 0.0859375
1 0.16796875 0.55859375 0.053125 0.0671875
1 0.0671875 0.6125 0.0890625 0.1234375
1 0.340625 0.8359375 0.06875 0.0640625
1 0.22890625 0.796875 0.0671875 0.0625
1 0.159375 0.74609375 0.0765625 0.0921875
1 0.2359375 0.9390625 0.0734375 0.09375
1 0.228125 0.86796875 0.0875 0.1
1 0.16484375 0.88515625 0.0796875 0.1171875
1 0.07890625 0.83203125 0.0796875 0.1515625
1 0.10703125 0.965625 0.0734375 0.06875
1 0.01953125 0.45 0.0390625 0.06875
1 0.1046875 0.4328125 0.09375 0.0890625
1 0.15234375 0.37421875 0.040625 0.065625
1 0.1703125 0.3390625 0.040625 0.06875
1 0.18125 0.28203125 0.0515625 0.0859375
1 0.2671875 0.29453125 0.0453125 0.0671875
1 0.22265625 0.228125 0.0609375 0.0703125
1 0.31328125 0.23046875 0.0765625 0.0609375
1 0.371875 0.21171875 0.0453125 0.0703125
1 0.37109375 0.140625 0.0625 0.06875
1 0.1546875 0.21328125 0.0703125 0.0765625
1 0.0453125 0.32734375 0.090625 0.0734375
1 0.0234375 0.2234375 0.046875 0.0625
1 0.08046875 0.2359375 0.0796875 0.0671875
1 0.09375 0.13359375 0.0859375 0.09375
1 0.4734375 0.0546875 0.0796875 0.1046875
1 0.3109375 0.0765625 0.096875 0.090625
1 0.2734375 0.1859375 0.075 0.06875