1 0.42734375 0.9609375 0.33359375 0.078125
0 0.63046875 0.47890625 0.04609375 0.09921875
0 0.7015625 0.121875 0.07890625 0.07265625
0 0.6359375 0.053125 0.03984375 0.06171875
0 0.58828125 0.03359375 0.04609375 0.0484375
0 0.5375 0.01484375 0.05390625 0.0296875
0 0.60234375 0.1078125 0.06171875 0.04921875
0 0.590625 0.1796875 0.08828125 0.059375
0 0.5828125 0.38046875 0.0578125 0.06171875
0 0.521875 0.3734375 0.06171875 0.084375
0 0.47265625 0.38359375 0.046875 0.0484375
0 0.5296875 0.44453125 0.06796875 0.0625
0 0.45859375 0.44921875 0.0453125 0.096875
0 0.4484375 0.51875 0.04609375 0.06953125
0 0.43984375 0.66640625 0.0546875 0.0625
0 0.4171875 0.72421875 0.0625 0.08203125
0 0.375 0.8140625 0.0703125 0.053125
0 0.35234375 0.73046875 0.059375 0.0828125
0 0.39765625 0.584375 0.06015625 0.05390625
0 0.325 0.58125 0.04375 0.059375
0 0.3796875 0.49453125 0.05546875 0.0546875
0 0.20390625 0.4890625 0.065625 0.040625
0 0.253125 0.5515625 0.059375 0.040625
0 0.2953125 0.70703125 0.04375 0.059375
0 0.27109375 0.6453125 0.05 0.0578125
0 0.21484375 0.58125 0.0484375 0.059375
0 0.1796875 0.60625 0.04140625 0.07890625
0 0.253125 0.7703125 0.06640625 0.04375
0 0.28125 0.81328125 0.0671875 0.0515625
0 0.19296875 0.840625 0.0546875 0.04375
0 0.23125 0.87265625 0.06015625 0.04921875
0 0.14140625 0.6828125 0.05390625 0.0578125
0 0.1125 0.7203125 0.05703125 0.0515625
0 0.0734375 0.740625 0.04296875 0.05859375
0 0.11484375 0.8 0.06953125 0.0640625
0 0.09921875 0.85 0.0546875 0.07109375
0 0.13125 0.96171875 0.0609375 0.06015625
0 0.47421875 0.18828125 0.0578125 0.0859375
0 0.45625 0.26796875 0.04375 0.053125
0 0.0375 0.440625 0.0578125 0.08515625
0 0.13125 0.346875 0.04375 0.05625
0 0.03359375 0.33359375 0.05625 0.04453125
0 0.025 0.6171875 0.05 0.065625
0 0.03671875 0.68828125 0.04765625 0.0859375
0 0.03515625 0.83984375 0.06875 0.115625
0 0.12421875 0.5984375 0.07890625 0.1
0 0.12109375 0.49375 0.065625 0.0671875
0 0.459375 0.0234375 0.07109375 0.04609375
0 0.51484375 0.06953125 0.05625 0.04921875
0 0.2625 0.3109375 0.05390625 0.0671875
0 0.096875 0.084375 0.04921875 0.075
0 0.19765625 0.06484375 0.0625 0.0484375
0 0.203125 0.159375 0.05625 0.0546875
0 0.0203125 0.24765625 0.040625 0.07109375
0 0.08125 0.27734375 0.04453125 0.05546875
0 0.153125 0.25390625 0.03984375 0.065625
0 0.31796875 0.41171875 0.075 0.08203125
0 0.315625 0.5015625 0.059375 0.07734375
0 0.203125 0.37890625 0.07265625 0.0796875
0 0.32734375 0.0828125 0.05390625 0.0453125
0 0.26640625 0.1 0.04296875 0.05546875
0 0.31171875 0.26328125 0.0359375 0.053125