1 0.32734375 0.771875 0.49453125 0.45546875
0 0.47109375 0.33515625 0.17578125 0.2515625
0 0.61796875 0.06796875 0.0859375 0.1359375
0 0.46875 0.0953125 0.05078125 0.171875
0 0.33671875 0.490625 0.03984375 0.13359375
0 0.20703125 0.32421875 0.0328125 0.1515625
0 0.23046875 0.26796875 0.06171875 0.1765625
0 0.08515625 0.253125 0.04140625 0.20546875
0 0.02421875 0.053125 0.04609375 0.09921875
0 0.034375 0.4078125 0.03359375 0.1890625
0 0.07109375 0.578125 0.06015625 0.1453125
0 0.01953125 0.6328125 0.03828125 0.16796875
0 0.040625 0.94296875 0.0375 0.1140625