2 0.3328125 0.78828125 0.64375 0.4234375
1 0.1390625 0.72734375 0.065625 0.1875
1 0.23828125 0.49296875 0.0734375 0.1921875
1 0.446875 0.3125 0.0453125 0.153125
1 0.5921875 0.23203125 0.0703125 0.1578125
1 0.50234375 0.1671875 0.0515625 0.1359375
1 0.76875 0.0859375 0.0625 0.171875
1 0.19375 0.15546875 0.0484375 0.1546875
1 0.13359375 0.1859375 0.05625 0.1828125
1 0.10703125 0.46640625 0.0546875 0.20625
1 0.04609375 0.6609375 0.0484375 0.203125
1 0.06640625 0.828125 0.05 0.1234375
1 0.015625 0.446875 0.03125 0.1625
1 0.02890625 0.10546875 0.0328125 0.1390625
1 0.06015625 0.10234375 0.034375 0.1453125
1 0.21484375 0.03671875 0.0625 0.05625
1 0.0046875 0.19609375 0.009375 0.1078125
1 0.49453125 0.53125 0.0609375 0.13125