2 0.3859375 0.96015625 0.290625 0.0796875
1 0.5796875 0.6140625 0.053125 0.0859375
1 0.41328125 0.2625 0.0359375 0.0484375
1 0.471875 0.37265625 0.028125 0.0578125
1 0.41171875 0.3953125 0.0296875 0.0484375
1 0.3859375 0.41875 0.0265625 0.053125
1 0.35703125 0.4125 0.0296875 0.040625
1 0.38125 0.25390625 0.03125 0.046875
1 0.37109375 0.10625 0.0390625 0.071875
1 0.31015625 0.034375 0.0359375 0.0375
1 0.31171875 0.12890625 0.0265625 0.05625
1 0.36484375 0.19765625 0.034375 0.0359375
1 0.3359375 0.196875 0.021875 0.0625
1 0.36015625 0.3203125 0.0265625 0.0421875
1 0.33203125 0.30234375 0.0265625 0.0484375
1 0.2875 0.16953125 0.0296875 0.0828125
1 0.28046875 0.07265625 0.03125 0.0515625
1 0.246875 0.103125 0.03125 0.0828125
1 0.1765625 0.08515625 0.040625 0.0703125
1 0.259375 0.25 0.0390625 0.078125
1 0.21640625 0.21953125 0.0265625 0.046875
1 0.2296875 0.278125 0.0265625 0.0484375
1 0.26171875 0.38515625 0.025 0.0453125
1 0.2890625 0.33046875 0.028125 0.0421875
1 0.309375 0.47421875 0.034375 0.075
1 0.27109375 0.47109375 0.0328125 0.053125
1 0.2328125 0.47734375 0.0296875 0.0453125
1 0.22265625 0.4140625 0.0265625 0.046875
1 0.18125 0.303125 0.0265625 0.040625
1 0.18515625 0.2328125 0.03125 0.0578125
1 0.065625 0.0859375 0.0296875 0.0625
1 0.11484375 0.50859375 0.040625 0.0640625
1 0.1390625 0.47578125 0.0296875 0.05625
1 0.14921875 0.4359375 0.03125 0.0609375
1 0.13359375 0.35234375 0.0234375 0.046875
1 0.07734375 0.2515625 0.0328125 0.065625
1 0.5734375 0.8609375 0.053125 0.0640625
1 0.49609375 0.61328125 0.0375 0.0546875
1 0.45703125 0.49609375 0.0375 0.0421875
1 0.51484375 0.55234375 0.0328125 0.040625
1 0.45078125 0.565625 0.0390625 0.034375
1 0.46328125 0.62578125 0.0328125 0.0484375
1 0.47109375 0.69765625 0.0359375 0.05
1 0.509375 0.74375 0.0484375 0.065625
1 0.5046875 0.81796875 0.0359375 0.0453125
1 0.52890625 0.84609375 0.025 0.0453125
1 0.540625 0.93984375 0.0375 0.04375
1 0.45078125 0.8296875 0.034375 0.0640625
1 0.44375 0.73828125 0.0328125 0.046875
1 0.39765625 0.73515625 0.0296875 0.065625
1 0.38046875 0.64140625 0.0421875 0.0546875
1 0.35859375 0.69140625 0.0328125 0.0515625
1 0.36328125 0.80390625 0.034375 0.0453125
1 0.4109375 0.82734375 0.034375 0.0484375
1 0.42265625 0.89375 0.040625 0.0546875
1 0.33671875 0.8484375 0.028125 0.0359375
1 0.303125 0.6875 0.03125 0.05625
1 0.23671875 0.66171875 0.040625 0.065625
1 0.2125 0.54140625 0.04375 0.059375
1 0.1921875 0.38671875 0.021875 0.0328125
1 0.16484375 0.5921875 0.034375 0.0515625
1 0.1578125 0.66015625 0.0296875 0.0453125
1 0.11796875 0.5984375 0.0265625 0.0421875
1 0.06640625 0.51328125 0.03125 0.0484375
1 0.06171875 0.43515625 0.025 0.0328125
1 0.03828125 0.3546875 0.0296875 0.0359375
1 0.08046875 0.3828125 0.0265625 0.0328125
1 0.15234375 0.70546875 0.028125 0.0453125
1 0.13125 0.11015625 0.0359375 0.0546875
1 0.01953125 0.29921875 0.025 0.0265625
1 0.02578125 0.41328125 0.0328125 0.0296875
1 0.103125 0.7046875 0.0265625 0.0625
1 0.259375 0.91328125 0.0296875 0.0890625
1 0.2125 0.9390625 0.03125 0.0765625
1 0.18125 0.965625 0.03125 0.06875
1 0.12890625 0.9859375 0.0328125 0.028125
1 0.10390625 0.93359375 0.0296875 0.05625
1 0.14140625 0.828125 0.025 0.0609375
1 0.18046875 0.853125 0.0234375 0.05625
1 0.22734375 0.8578125 0.0265625 0.05
1 0.240625 0.74453125 0.021875 0.05625
1 0.2640625 0.75703125 0.01875 0.034375
1 0.14765625 0.91875 0.028125 0.096875
1 0.084375 0.81875 0.0328125 0.05625
1 0.05859375 0.6078125 0.028125 0.071875
1 0.040625 0.55234375 0.0453125 0.0421875
1 0.0921875 0.3171875 0.025 0.034375
1 0.04453125 0.140625 0.0296875 0.05625
1 0.12265625 0.05625 0.0328125 0.040625
1 0.178125 0.3546875 0.03125 0.0421875
1 0.18828125 0.428125 0.034375 0.046875
1 0.37265625 0.48515625 0.0359375 0.0578125
1 0.4140625 0.58359375 0.0421875 0.05625
1 0.34140625 0.75703125 0.0296875 0.040625
1 0.31015625 0.74609375 0.028125 0.0515625
1 0.30859375 0.84453125 0.028125 0.059375
1 0.4578125 0.90078125 0.0265625 0.0609375
1 0.01015625 0.46171875 0.0203125 0.0578125
1 0.00546875 0.365625 0.0109375 0.06875
1 0.12578125 0.4 0.0171875 0.0390625
1 0.01328125 0.203125 0.0265625 0.040625
1 0.02578125 0.64296875 0.028125 0.046875