2 0.45390625 0.95859375 0.2859375 0.0828125
1 0.29296875 0.1203125 0.0453125 0.065625
1 0.45 0.36640625 0.0390625 0.05625
1 0.52421875 0.528125 0.04375 0.059375
1 0.57734375 0.56796875 0.046875 0.0515625
1 0.49921875 0.59765625 0.034375 0.028125
1 0.44296875 0.48984375 0.0375 0.0375
1 0.42421875 0.43125 0.0375 0.053125
1 0.38203125 0.38984375 0.0421875 0.04375
1 0.3640625 0.2546875 0.03125 0.0359375
1 0.33203125 0.25859375 0.034375 0.040625
1 0.2859375 0.2 0.046875 0.0484375
1 0.24296875 0.1359375 0.03125 0.053125
1 0.1984375 0.084375 0.0375 0.0453125
1 0.225 0.19375 0.0453125 0.0734375
1 0.16796875 0.16796875 0.059375 0.0734375
1 0.20390625 0.27421875 0.040625 0.0671875
1 0.2578125 0.29765625 0.0234375 0.0421875
1 0.28515625 0.309375 0.025 0.04375
1 0.315625 0.34609375 0.04375 0.0453125
1 0.33984375 0.38984375 0.0296875 0.0390625
1 0.36171875 0.4296875 0.0265625 0.03125
1 0.33046875 0.42421875 0.0296875 0.034375
1 0.35 0.46484375 0.034375 0.0390625
1 0.35 0.5 0.0359375 0.0390625
1 0.39609375 0.56875 0.0328125 0.0375
1 0.41015625 0.48359375 0.03125 0.0484375
1 0.4234375 0.52890625 0.0296875 0.03125
1 0.44296875 0.57421875 0.0375 0.0359375
1 0.465625 0.6125 0.0359375 0.04375
1 0.484375 0.67734375 0.0453125 0.0546875
1 0.52890625 0.7203125 0.0484375 0.0640625
1 0.6078125 0.8328125 0.040625 0.05
1 0.56796875 0.80859375 0.034375 0.0515625
1 0.46015625 0.73671875 0.0375 0.05625
1 0.51015625 0.79921875 0.028125 0.0421875
1 0.53828125 0.81015625 0.034375 0.0484375
1 0.50234375 0.8765625 0.040625 0.0578125
1 0.47578125 0.8125 0.04375 0.05625
1 0.46796875 0.88203125 0.0484375 0.0796875
1 0.5484375 0.896875 0.03125 0.0390625
1 0.57578125 0.8953125 0.034375 0.0453125
1 0.24453125 0.34609375 0.034375 0.0515625
1 0.275 0.3828125 0.0359375 0.0421875
1 0.3046875 0.50078125 0.03125 0.0546875
1 0.3421875 0.59375 0.0296875 0.0421875
1 0.3828125 0.64375 0.0453125 0.0546875
1 0.41796875 0.72109375 0.0453125 0.059375
1 0.36953125 0.69609375 0.0328125 0.04375
1 0.31796875 0.6828125 0.0328125 0.04375
1 0.33671875 0.76171875 0.0203125 0.0265625
1 0.23046875 0.4078125 0.0265625 0.0546875
1 0.2578125 0.48984375 0.0375 0.0453125
1 0.275 0.5515625 0.0578125 0.0703125
1 0.28125 0.62421875 0.0234375 0.034375
1 0.20078125 0.5578125 0.034375 0.053125
1 0.2140625 0.50546875 0.03125 0.0453125
1 0.203125 0.44453125 0.0359375 0.046875
1 0.18828125 0.31484375 0.0296875 0.0484375
1 0.15390625 0.253125 0.0296875 0.0484375
1 0.134375 0.2640625 0.0390625 0.065625
1 0.09375 0.13671875 0.040625 0.0515625
1 0.37578125 0.7640625 0.0296875 0.0359375
1 0.38828125 0.80546875 0.034375 0.040625
1 0.44375 0.92421875 0.028125 0.0484375
1 0.41015625 0.915625 0.0359375 0.0453125
1 0.371875 0.865625 0.0234375 0.0390625
1 0.34609375 0.8578125 0.0359375 0.0546875
1 0.371875 0.9375 0.034375 0.0484375
1 0.33671875 0.9375 0.03125 0.0546875
1 0.2953125 0.78203125 0.0375 0.0546875
1 0.2640625 0.7703125 0.028125 0.046875
1 0.3046875 0.9328125 0.040625 0.0640625
1 0.03359375 0.32421875 0.0328125 0.05
1 0.0625 0.38671875 0.0421875 0.059375
1 0.10546875 0.40703125 0.0296875 0.04375
1 0.103125 0.353125 0.0265625 0.034375
1 0.1 0.23046875 0.025 0.040625
1 0.04921875 0.15 0.034375 0.0578125
1 0.10078125 0.28203125 0.0328125 0.04375
1 0.15 0.34921875 0.0328125 0.0375
1 0.14921875 0.40625 0.0484375 0.06875
1 0.12109375 0.56875 0.0546875 0.0546875
1 0.12578125 0.48203125 0.028125 0.0390625
1 0.04296875 0.49765625 0.028125 0.034375
1 0.0125 0.41953125 0.025 0.0421875
1 0.0125 0.4796875 0.025 0.040625
1 0.034375 0.5640625 0.0359375 0.046875
1 0.0671875 0.58125 0.04375 0.05625
1 0.10546875 0.6828125 0.0453125 0.06875
1 0.178125 0.7015625 0.0328125 0.046875
1 0.1625 0.61328125 0.0328125 0.05
1 0.16953125 0.7984375 0.0359375 0.0421875
1 0.1234375 0.86796875 0.0484375 0.0640625
1 0.18984375 0.890625 0.0375 0.0546875
1 0.25390625 0.96171875 0.0484375 0.0765625
1 0.1640625 0.9828125 0.0375 0.034375
1 0.19296875 0.95234375 0.0390625 0.059375
1 0.209375 0.99140625 0.034375 0.0171875
1 0.1078125 0.91875 0.028125 0.0484375
1 0.096875 0.84296875 0.0359375 0.059375
1 0.053125 0.7328125 0.03125 0.0625
1 0.11875 0.7515625 0.0375 0.053125
1 0.23984375 0.68046875 0.075 0.084375