2 0.3875 0.925 0.41875 0.15
1 0.8765625 0.40625 0.0765625 0.23125
1 0.95234375 0.321875 0.071875 0.1546875
1 0.87109375 0.16796875 0.0859375 0.1578125
1 0.7640625 0.0890625 0.0671875 0.1171875
1 0.75390625 0.6 0.06875 0.19375
1 0.67109375 0.63203125 0.0765625 0.1234375
1 0.671875 0.421875 0.0546875 0.1734375
1 0.54375 0.3875 0.0484375 0.146875
1 0.57421875 0.24140625 0.053125 0.1015625
1 0.54453125 0.62578125 0.059375 0.134375
1 0.5015625 0.78828125 0.0578125 0.13125
1 0.4109375 0.8140625 0.103125 0.1109375
1 0.31796875 0.88359375 0.053125 0.1125
1 0.2078125 0.90078125 0.0671875 0.146875
1 0.0390625 0.90234375 0.0515625 0.1734375
1 0.228125 0.61796875 0.05625 0.115625
1 0.23125 0.70625 0.090625 0.125
1 0.31640625 0.50703125 0.0515625 0.1515625
1 0.27109375 0.484375 0.0421875 0.14375
1 0.30234375 0.25234375 0.040625 0.1359375
1 0.35703125 0.25234375 0.0671875 0.165625
1 0.4375 0.12578125 0.0609375 0.1453125
1 0.296875 0.08125 0.0421875 0.115625
1 0.17421875 0.2046875 0.1046875 0.1578125
1 0.21640625 0.065625 0.0828125 0.115625
1 0.0921875 0.18359375 0.0484375 0.1140625
1 0.15546875 0.35 0.078125 0.071875
1 0.1515625 0.4171875 0.05 0.1125
1 0.21953125 0.42734375 0.046875 0.11875
1 0.0140625 0.47734375 0.028125 0.1171875
1 0.08203125 0.5328125 0.075 0.128125
1 0.1203125 0.64609375 0.0515625 0.1765625
1 0.02890625 0.6515625 0.046875 0.134375
1 0.1609375 0.5796875 0.0390625 0.1203125
1 0.5859375 0.03359375 0.06875 0.0671875
1 0.25078125 0.1890625 0.0515625 0.11875