2 0.2921875 0.86171875 0.584375 0.27578125
1 0.90859375 0.1890625 0.08359375 0.2109375
1 0.98046875 0.1796875 0.03828125 0.121875
1 0.75703125 0.3875 0.05234375 0.16796875
1 0.6609375 0.21328125 0.0359375 0.15625
1 0.590625 0.06796875 0.0375 0.09453125
1 0.5265625 0.18671875 0.04921875 0.1390625
1 0.60390625 0.47265625 0.05625 0.134375
1 0.509375 0.4046875 0.03671875 0.109375
1 0.45078125 0.57734375 0.0421875 0.13984375
1 0.2765625 0.66015625 0.08671875 0.14296875
1 0.27734375 0.23515625 0.05078125 0.1140625
1 0.31328125 0.09453125 0.05625 0.11171875
1 0.28125 0.02890625 0.04375 0.05703125
1 0.21328125 0.159375 0.0515625 0.08515625
1 0.2390625 0.2265625 0.03046875 0.1015625
1 0.17890625 0.390625 0.0890625 0.1703125
1 0.1265625 0.09609375 0.08828125 0.15859375
1 0.103125 0.30703125 0.03515625 0.1328125
1 0.0671875 0.32109375 0.03125 0.1640625
1 0.034375 0.2484375 0.053125 0.159375
1 0.13828125 0.66640625 0.0484375 0.1484375
1 0.02421875 0.8328125 0.03359375 0.18828125
1 0.1125 0.75859375 0.04765625 0.06484375
1 0.13515625 0.8546875 0.0328125 0.0796875