1 0.35234375 0.96953125 0.228125 0.0609375
0 0.3546875 0.22734375 0.028125 0.065625
0 0.34296875 0.1765625 0.03671875 0.0453125
0 0.375 0.3390625 0.02265625 0.05546875
0 0.3953125 0.3671875 0.01953125 0.04375
0 0.42890625 0.41640625 0.021875 0.05546875
0 0.45390625 0.4234375 0.0265625 0.0390625
0 0.3921875 0.46953125 0.0234375 0.07265625
0 0.3546875 0.459375 0.0453125 0.059375
0 0.309375 0.0671875 0.02265625 0.0671875
0 0.27109375 0.09453125 0.03359375 0.0734375
0 0.23125 0.1234375 0.025 0.04375
0 0.271875 0.27578125 0.0140625 0.04765625
0 0.30078125 0.33203125 0.0234375 0.03671875
0 0.2765625 0.4203125 0.021875 0.040625
0 0.2953125 0.49375 0.028125 0.06171875
0 0.38125 0.59375 0.03203125 0.046875
0 0.4578125 0.6109375 0.02890625 0.05078125
0 0.50234375 0.65234375 0.0328125 0.03984375
0 0.48828125 0.71328125 0.028125 0.03984375
0 0.55078125 0.778125 0.03515625 0.0484375
0 0.58046875 0.925 0.03359375 0.03828125
0 0.53984375 0.9140625 0.02734375 0.0390625
0 0.55546875 0.98125 0.028125 0.03671875
0 0.51796875 0.9578125 0.02109375 0.05
0 0.4828125 0.83203125 0.04296875 0.0390625
0 0.46953125 0.77890625 0.034375 0.0390625
0 0.42265625 0.7046875 0.03046875 0.02734375
0 0.37265625 0.69296875 0.0296875 0.03203125
0 0.37890625 0.77890625 0.0484375 0.0390625
0 0.31328125 0.75546875 0.034375 0.06015625
0 0.29296875 0.6421875 0.02109375 0.05625
0 0.24921875 0.50859375 0.02265625 0.028125
0 0.20078125 0.56953125 0.02421875 0.03828125
0 0.24375 0.565625 0.025 0.04296875
0 0.27421875 0.5875 0.01875 0.034375
0 0.2640625 0.6546875 0.0234375 0.03828125
0 0.23203125 0.64375 0.0265625 0.03984375
0 0.23515625 0.69296875 0.02421875 0.03203125
0 0.2265625 0.74765625 0.0203125 0.03046875
0 0.2 0.6890625 0.0265625 0.04453125
0 0.18359375 0.78359375 0.02109375 0.06015625
0 0.4390625 0.89765625 0.0359375 0.0515625
0 0.2921875 0.81953125 0.0296875 0.046875
0 0.225 0.2328125 0.025 0.04375
0 0.24375 0.3078125 0.0171875 0.04453125
0 0.2046875 0.40078125 0.02421875 0.04609375
0 0.18203125 0.375 0.01953125 0.04296875
0 0.21484375 0.29140625 0.01953125 0.05703125
0 0.1796875 0.22421875 0.021875 0.04140625
0 0.19296875 0.1515625 0.0234375 0.040625
0 0.17265625 0.49453125 0.025 0.0375
0 0.12734375 0.52578125 0.03828125 0.04453125
0 0.146875 0.5890625 0.02265625 0.04921875
0 0.10859375 0.61953125 0.0296875 0.0546875
0 0.14609375 0.6921875 0.03359375 0.0546875
0 0.0734375 0.67734375 0.0234375 0.03671875
0 0.0734375 0.44140625 0.0203125 0.05625
0 0.140625 0.32109375 0.0515625 0.04921875
0 0.1328125 0.2078125 0.01953125 0.06328125
0 0.1078125 0.071875 0.02265625 0.05546875
0 0.1125 0.1265625 0.03203125 0.0390625
0 0.0828125 0.1625 0.02578125 0.0546875
0 0.05234375 0.0484375 0.03359375 0.05703125
0 0.04453125 0.1453125 0.01953125 0.07265625
0 0.03125 0.246875 0.0234375 0.05625
0 0.06328125 0.24296875 0.03203125 0.03671875
0 0.075 0.30390625 0.03515625 0.0515625
0 0.021875 0.40703125 0.03046875 0.0453125
0 0.03515625 0.515625 0.0375 0.05078125
0 0.05234375 0.7203125 0.01484375 0.0890625
0 0.07421875 0.77578125 0.034375 0.07421875
0 0.07421875 0.9765625 0.02109375 0.04609375
0 0.16484375 0.865625 0.03046875 0.07578125