2 0.32421875 0.9640625 0.45390625 0.071875
1 0.9015625 0.38203125 0.0546875 0.18671875
1 0.86171875 0.52890625 0.05390625 0.10546875
1 0.77890625 0.64375 0.05546875 0.18046875
1 0.784375 0.43515625 0.075 0.1625
1 0.91171875 0.06796875 0.0796875 0.103125
1 0.7703125 0.165625 0.06171875 0.0765625
1 0.775 0.0703125 0.0578125 0.06640625
1 0.721875 0.28984375 0.10859375 0.1015625
1 0.61171875 0.115625 0.06640625 0.0640625
1 0.6453125 0.040625 0.059375 0.08125
1 0.53671875 0.22578125 0.04609375 0.1703125
1 0.61640625 0.61171875 0.059375 0.13828125
1 0.49765625 0.56484375 0.0640625 0.12578125
1 0.5078125 0.41484375 0.034375 0.11484375
1 0.51171875 0.80390625 0.05546875 0.13359375
1 0.68515625 0.821875 0.065625 0.1546875
1 0.65546875 0.7171875 0.0859375 0.053125
1 0.4 0.29609375 0.06484375 0.128125
1 0.440625 0.16171875 0.04140625 0.1203125
1 0.475 0.08671875 0.05859375 0.09140625
1 0.2515625 0.034375 0.10703125 0.06484375
1 0.1703125 0.1296875 0.07734375 0.08203125
1 0.275 0.24375 0.03359375 0.1171875
1 0.27890625 0.4 0.04921875 0.16640625
1 0.25234375 0.63671875 0.034375 0.13203125
1 0.22109375 0.615625 0.0296875 0.12734375
1 0.2296875 0.8671875 0.034375 0.14609375
1 0.1921875 0.784375 0.03046875 0.15078125
1 0.0546875 0.6859375 0.06640625 0.15390625
1 0.02265625 0.88125 0.02578125 0.15078125
1 0.0375 0.0671875 0.07421875 0.134375
1 0.0765625 0.30234375 0.04296875 0.1609375
1 0.15625 0.3453125 0.0828125 0.171875
1 0.1015625 0.4765625 0.06953125 0.07578125
1 0.1234375 0.57890625 0.046875 0.11640625
1 0.1078125 0.78984375 0.0328125 0.17578125
1 0.42109375 0.01796875 0.065625 0.0359375
1 0.70859375 0.028125 0.0390625 0.05625
1 0.4578125 0.890625 0.053125 0.0546875