2 0.296875 0.94453125 0.290625 0.1046875
1 0.55625 0.62734375 0.0515625 0.084375
1 0.46015625 0.25 0.034375 0.0484375
1 0.496875 0.36953125 0.028125 0.0578125
1 0.43359375 0.38046875 0.028125 0.0484375
1 0.40390625 0.3984375 0.0265625 0.053125
1 0.3765625 0.3875 0.0296875 0.0390625
1 0.43046875 0.2359375 0.03125 0.046875
1 0.44921875 0.0890625 0.0390625 0.071875
1 0.40234375 0.0125 0.0359375 0.025
1 0.3859375 0.09921875 0.025 0.05625
1 0.425 0.17734375 0.034375 0.0359375
1 0.396875 0.17109375 0.0203125 0.0625
1 0.396875 0.29765625 0.0265625 0.0421875
1 0.3734375 0.27421875 0.0265625 0.0484375
1 0.3546875 0.13515625 0.028125 0.0828125
1 0.36640625 0.0390625 0.0296875 0.0515625
1 0.32734375 0.0625 0.0296875 0.0828125
1 0.2609375 0.0328125 0.040625 0.065625
1 0.31171875 0.209375 0.0390625 0.078125
1 0.27578125 0.1703125 0.0265625 0.046875
1 0.27734375 0.23046875 0.0265625 0.0484375
1 0.28828125 0.3421875 0.025 0.0453125
1 0.325 0.29296875 0.028125 0.0421875
1 0.31796875 0.43828125 0.0328125 0.075
1 0.28046875 0.428125 0.03125 0.053125
1 0.2421875 0.4265625 0.0296875 0.04375
1 0.24375 0.3625 0.0265625 0.046875
1 0.225 0.24609375 0.0265625 0.040625
1 0.2421875 0.178125 0.03125 0.0578125
1 0.15234375 0.02109375 0.0296875 0.0421875
1 0.1203125 0.434375 0.040625 0.0640625
1 0.15078125 0.4078125 0.028125 0.05625
1 0.16796875 0.3703125 0.0296875 0.0609375
1 0.16796875 0.28515625 0.021875 0.0453125
1 0.13203125 0.175 0.03125 0.0640625
1 0.503125 0.86796875 0.0515625 0.0625
1 0.475 0.6109375 0.0375 0.053125
1 0.45859375 0.4875 0.0375 0.040625
1 0.5046875 0.5546875 0.0328125 0.040625
1 0.43984375 0.55546875 0.0390625 0.034375
1 0.43984375 0.61640625 0.0328125 0.0484375
1 0.434375 0.6890625 0.0359375 0.05
1 0.4625 0.74140625 0.0484375 0.0640625
1 0.44375 0.8125 0.034375 0.0453125
1 0.4625 0.8453125 0.0234375 0.0453125
1 0.45625 0.9390625 0.0375 0.0421875
1 0.38828125 0.8140625 0.0328125 0.0640625
1 0.39921875 0.7234375 0.03125 0.046875
1 0.3546875 0.71171875 0.0296875 0.065625
1 0.35546875 0.615625 0.0421875 0.0546875
1 0.32421875 0.6609375 0.03125 0.0515625
1 0.3078125 0.77265625 0.034375 0.0453125
1 0.35 0.8046875 0.034375 0.0484375
1 0.34921875 0.871875 0.040625 0.0546875
1 0.27265625 0.8109375 0.0265625 0.0359375
1 0.27109375 0.64609375 0.0296875 0.0546875
1 0.21015625 0.60859375 0.0390625 0.065625
1 0.21015625 0.4859375 0.04375 0.059375
1 0.21953125 0.33046875 0.021875 0.0328125
1 0.153125 0.5265625 0.034375 0.0515625
1 0.13359375 0.5921875 0.028125 0.0453125
1 0.10625 0.5234375 0.025 0.0421875
1 0.071875 0.43046875 0.0296875 0.046875
1 0.08203125 0.353125 0.025 0.0328125
1 0.075 0.26875 0.028125 0.0359375
1 0.1109375 0.30546875 0.0265625 0.0328125
1 0.11953125 0.63515625 0.028125 0.0453125
1 0.2125 0.046875 0.0359375 0.0546875
1 0.06640625 0.2109375 0.025 0.0265625
1 0.06171875 0.03828125 0.0515625 0.0765625
1 0.05078125 0.32421875 0.03125 0.0296875
1 0.07109375 0.625 0.025 0.0609375
1 0.184375 0.86015625 0.028125 0.0875
1 0.13359375 0.87578125 0.0296875 0.0765625
1 0.09765625 0.90390625 0.0296875 0.084375
1 0.03984375 0.92734375 0.03125 0.0703125
1 0.02890625 0.85 0.028125 0.05625
1 0.0859375 0.75390625 0.025 0.0609375
1 0.11875 0.7859375 0.0234375 0.05625
1 0.1640625 0.79921875 0.0265625 0.05
1 0.1984375 0.690625 0.021875 0.05625
1 0.21875 0.7078125 0.0171875 0.034375
1 0.07421875 0.84375 0.0265625 0.096875
1 0.03125 0.73359375 0.03125 0.05625
1 0.04609375 0.521875 0.0265625 0.071875
1 0.0390625 0.46328125 0.04375 0.040625
1 0.134375 0.24296875 0.025 0.034375
1 0.12109375 0.0609375 0.028125 0.05625
1 0.21328125 0.00625 0.0328125 0.0125
1 0.21171875 0.29609375 0.0296875 0.0421875
1 0.2078125 0.3703125 0.034375 0.046875
1 0.378125 0.4609375 0.034375 0.0578125
1 0.39921875 0.565625 0.0421875 0.0546875
1 0.2953125 0.721875 0.0296875 0.0390625
1 0.26640625 0.70546875 0.0265625 0.0515625
1 0.24609375 0.8015625 0.0265625 0.059375
1 0.38203125 0.8859375 0.025 0.059375
1 0.025 0.36953125 0.021875 0.0578125
1 0.0328125 0.2734375 0.0265625 0.0671875
1 0.1515625 0.33046875 0.0171875 0.0390625
1 0.07890625 0.115625 0.028125 0.040625
1 0.01015625 0.55 0.0203125 0.046875