1 0.4046875 0.96328125 0.2875 0.0734375
1 0.59765625 0.890625 0.04375 0.0671875
1 0.5328125 0.7515625 0.034375 0.04375
1 0.51875 0.50703125 0.04375 0.0515625
1 0.47890625 0.4515625 0.04375 0.0515625
1 0.39921875 0.27734375 0.0546875 0.059375
1 0.33203125 0.1625 0.0578125 0.0578125
1 0.22265625 0.18203125 0.025 0.0453125
1 0.190625 0.12578125 0.03125 0.08125
1 0.25390625 0.13515625 0.04375 0.0671875
1 0.334375 0.37265625 0.0328125 0.0546875
1 0.38203125 0.403125 0.0203125 0.04375
1 0.3953125 0.45703125 0.040625 0.04375
1 0.390625 0.51171875 0.0296875 0.0390625
1 0.43671875 0.52578125 0.0328125 0.0359375
1 0.41640625 0.5734375 0.0515625 0.040625
1 0.40859375 0.62265625 0.034375 0.03125
1 0.41640625 0.66328125 0.025 0.0359375
1 0.48515625 0.6765625 0.0203125 0.0421875
1 0.446875 0.7546875 0.0359375 0.0390625
1 0.4265625 0.79609375 0.034375 0.046875
1 0.375 0.71015625 0.0359375 0.053125
1 0.334375 0.675 0.028125 0.046875
1 0.33359375 0.54296875 0.034375 0.05625
1 0.3078125 0.4453125 0.0328125 0.0515625
1 0.3015625 0.33125 0.028125 0.046875
1 0.271875 0.2875 0.0203125 0.0421875
1 0.2515625 0.228125 0.028125 0.046875
1 0.19765625 0.3078125 0.0296875 0.0453125
1 0.1625 0.11171875 0.025 0.0515625
1 0.1265625 0.090625 0.0265625 0.046875
1 0.16015625 0.20078125 0.0328125 0.053125
1 0.11328125 0.18828125 0.0453125 0.0640625
1 0.04609375 0.125 0.025 0.0609375
1 0.0203125 0.14921875 0.0359375 0.0640625
1 0.04921875 0.23671875 0.034375 0.0390625
1 0.01875 0.26953125 0.0359375 0.0359375
1 0.01953125 0.31640625 0.0390625 0.0453125
1 0.01875 0.37265625 0.0328125 0.0484375
1 0.24921875 0.31171875 0.0234375 0.05
1 0.23515625 0.5140625 0.0203125 0.04375
1 0.2765625 0.39453125 0.0328125 0.0625
1 0.19375 0.40703125 0.03125 0.0546875
1 0.17734375 0.43984375 0.0265625 0.0484375
1 0.21640625 0.55703125 0.0265625 0.0484375
1 0.2359375 0.59921875 0.028125 0.0484375
1 0.1734375 0.55390625 0.025 0.0484375
1 0.1890625 0.5125 0.0265625 0.0609375
1 0.14296875 0.41015625 0.028125 0.0375
1 0.1453125 0.4828125 0.025 0.0421875
1 0.05234375 0.4515625 0.028125 0.0515625
1 0.07578125 0.5390625 0.059375 0.0640625
1 0.13203125 0.6015625 0.03125 0.0640625
1 0.265625 0.74296875 0.028125 0.0546875
1 0.2953125 0.559375 0.021875 0.0390625
1 0.27734375 0.4546875 0.028125 0.046875
1 0.29140625 0.50703125 0.0296875 0.05
1 0.11875 0.31640625 0.0234375 0.0453125
1 0.07265625 0.27734375 0.025 0.034375
1 0.27734375 0.80625 0.0328125 0.0609375
1 0.2875 0.6875 0.025 0.053125
1 0.31171875 0.76171875 0.0265625 0.053125
1 0.38203125 0.79765625 0.0328125 0.0453125
1 0.2375 0.709375 0.0265625 0.0546875
1 0.25390625 0.8328125 0.0390625 0.08125
1 0.22109375 0.88828125 0.034375 0.0546875
1 0.22578125 0.78125 0.0328125 0.0484375
1 0.1890625 0.74609375 0.0265625 0.05
1 0.1875 0.6125 0.028125 0.040625
1 0.13984375 0.8421875 0.028125 0.0703125
1 0.18515625 0.93046875 0.025 0.0765625
1 0.16875 0.8421875 0.034375 0.065625
1 0.14453125 0.728125 0.028125 0.040625
1 0.07109375 0.840625 0.0375 0.0640625
1 0.08984375 0.9125 0.040625 0.05
1 0.1453125 0.9703125 0.025 0.059375
1 0.38125 0.87421875 0.028125 0.0546875
1 0.49140625 0.83359375 0.03125 0.0609375
1 0.496875 0.8984375 0.0296875 0.0421875
1 0.06015625 0.609375 0.03125 0.05625
1 0.0546875 0.7109375 0.0390625 0.040625
1 0.165625 0.65859375 0.028125 0.059375