2 0.2484375 0.92265625 0.2140625 0.1046875
1 0.48359375 0.45625 0.046875 0.0625
1 0.46328125 0.415625 0.040625 0.0671875
1 0.44453125 0.21328125 0.0453125 0.071875
1 0.4421875 0.06328125 0.0421875 0.0859375
1 0.40625 0.09375 0.0359375 0.053125
1 0.3578125 0.075 0.0375 0.059375
1 0.3578125 0.0265625 0.0375 0.053125
1 0.31875 0.0640625 0.04375 0.0703125
1 0.31015625 0.13125 0.034375 0.0515625
1 0.31875 0.19609375 0.0359375 0.05
1 0.346875 0.2484375 0.03125 0.0484375
1 0.35390625 0.31015625 0.0484375 0.0515625
1 0.459375 0.7 0.0515625 0.078125
1 0.43046875 0.628125 0.0359375 0.0609375
1 0.39375 0.4796875 0.0390625 0.0609375
1 0.42265625 0.36640625 0.0578125 0.0921875
1 0.35625 0.4984375 0.0390625 0.0640625
1 0.34765625 0.56171875 0.034375 0.046875
1 0.33671875 0.6875 0.05 0.059375
1 0.4015625 0.79296875 0.04375 0.0671875
1 0.4015625 0.86328125 0.040625 0.0484375
1 0.4578125 0.96796875 0.046875 0.0640625
1 0.415625 0.96328125 0.0390625 0.0546875
1 0.175 0.76796875 0.0453125 0.0859375
1 0.2609375 0.7390625 0.0390625 0.071875
1 0.215625 0.60546875 0.0328125 0.05625
1 0.25 0.51640625 0.03125 0.0484375
1 0.26484375 0.465625 0.0359375 0.0515625
1 0.30078125 0.475 0.034375 0.0484375
1 0.2875 0.52578125 0.025 0.0375
1 0.28125 0.60703125 0.0328125 0.05
1 0.26328125 0.34140625 0.0375 0.0625
1 0.315625 0.35390625 0.0359375 0.0421875
1 0.19765625 0.31171875 0.0359375 0.05625
1 0.24609375 0.19140625 0.034375 0.05625
1 0.26875 0.1203125 0.0359375 0.0578125
1 0.30546875 0.0234375 0.0453125 0.046875
1 0.2609375 0.01484375 0.034375 0.0296875
1 0.23828125 0.07109375 0.0390625 0.0484375
1 0.209375 0.08828125 0.0390625 0.0640625
1 0.18046875 0.0546875 0.0421875 0.0546875
1 0.1 0.11484375 0.0375 0.0765625
1 0.16328125 0.20078125 0.0359375 0.0515625
1 0.16015625 0.13984375 0.0296875 0.046875
1 0.07421875 0.25234375 0.0421875 0.059375
1 0.0859375 0.28984375 0.0390625 0.0546875
1 0.15625 0.43671875 0.034375 0.0515625
1 0.12890625 0.34765625 0.0265625 0.05625
1 0.15 0.340625 0.034375 0.0625
1 0.065625 0.4515625 0.0296875 0.0453125
1 0.0328125 0.628125 0.0421875 0.0921875
1 0.1328125 0.721875 0.0359375 0.0703125
1 0.17109375 0.6296875 0.0296875 0.0484375
1 0.1984375 0.5046875 0.0359375 0.0515625
1 0.2421875 0.31015625 0.0359375 0.05
1 0.2921875 0.2375 0.0375 0.0515625
1 0.11015625 0.6078125 0.0515625 0.06875
1 0.08046875 0.771875 0.04375 0.065625
1 0.046875 0.753125 0.046875 0.0984375
1 0.01875 0.51484375 0.0375 0.0640625
1 0.07265625 0.39765625 0.0609375 0.05625
1 0.05234375 0.834375 0.0359375 0.06875
1 0.2265625 0.771875 0.03125 0.05625
1 0.23125 0.671875 0.040625 0.0546875
1 0.36875 0.7171875 0.04375 0.0640625
1 0.29296875 0.8671875 0.0375 0.0484375
1 0.46171875 0.82578125 0.04375 0.0640625