2 0.25234375 0.9421875 0.2265625 0.08125
1 0.390625 0.18046875 0.0375 0.06875
1 0.37890625 0.1046875 0.0453125 0.065625
1 0.3671875 0.01484375 0.03125 0.0296875
1 0.45 0.3796875 0.0609375 0.06875
1 0.41015625 0.2765625 0.053125 0.08125
1 0.5125 0.73046875 0.0453125 0.0625
1 0.4828125 0.59140625 0.0390625 0.0515625
1 0.44765625 0.5546875 0.0390625 0.05
1 0.46328125 0.6546875 0.0421875 0.0484375
1 0.521875 0.884375 0.053125 0.0578125
1 0.48984375 0.95390625 0.040625 0.0625
1 0.4796875 0.8671875 0.0359375 0.053125
1 0.4375 0.77890625 0.0671875 0.0609375
1 0.4203125 0.7234375 0.04375 0.053125
1 0.39140625 0.6515625 0.040625 0.0484375
1 0.35625 0.39453125 0.0484375 0.059375
1 0.40078125 0.40546875 0.0359375 0.053125
1 0.35625 0.45234375 0.053125 0.0546875
1 0.36953125 0.5328125 0.0296875 0.03125
1 0.3421875 0.50390625 0.0296875 0.0359375
1 0.3390625 0.56640625 0.04375 0.0359375
1 0.33125 0.62578125 0.0390625 0.0390625
1 0.3578125 0.68359375 0.0296875 0.040625
1 0.3390625 0.740625 0.0421875 0.0390625
1 0.36875 0.83671875 0.0453125 0.053125
1 0.41015625 0.88359375 0.0484375 0.0609375
1 0.4296875 0.9578125 0.065625 0.071875
1 0.278125 0.79296875 0.034375 0.0765625
1 0.340625 0.8109375 0.0203125 0.046875
1 0.33046875 0.91484375 0.0640625 0.084375
1 0.3046875 0.809375 0.025 0.0515625
1 0.271875 0.67890625 0.034375 0.075
1 0.278125 0.5640625 0.0375 0.065625
1 0.30703125 0.409375 0.0328125 0.0515625
1 0.309375 0.21953125 0.034375 0.0546875
1 0.3234375 0.26640625 0.03125 0.05
1 0.31875 0.0265625 0.0328125 0.05
1 0.2765625 0.03984375 0.040625 0.0796875
1 0.2625 0.1515625 0.0265625 0.0390625
1 0.29765625 0.3171875 0.0375 0.059375
1 0.26484375 0.33046875 0.040625 0.075
1 0.271875 0.2421875 0.0359375 0.0609375
1 0.240625 0.23203125 0.0390625 0.0734375
1 0.21015625 0.134375 0.0421875 0.0703125
1 0.23828125 0.05703125 0.040625 0.078125
1 0.20234375 0.05859375 0.034375 0.06875
1 0.15390625 0.01015625 0.0328125 0.0203125
1 0.159375 0.04453125 0.03125 0.034375
1 0.13671875 0.146875 0.0390625 0.0546875
1 0.1703125 0.26015625 0.04375 0.0796875
1 0.20703125 0.34921875 0.0421875 0.0609375
1 0.24921875 0.43359375 0.0328125 0.0515625
1 0.22578125 0.48359375 0.034375 0.0546875
1 0.1953125 0.5 0.0328125 0.046875
1 0.20390625 0.56953125 0.040625 0.0546875
1 0.2296875 0.58828125 0.0296875 0.053125
1 0.20390625 0.62734375 0.0359375 0.0515625
1 0.23203125 0.76328125 0.040625 0.05625
1 0.24375 0.8796875 0.0375 0.0671875
1 0.19921875 0.86171875 0.046875 0.05625
1 0.16484375 0.7515625 0.03125 0.05625
1 0.13046875 0.68515625 0.0359375 0.0578125
1 0.10703125 0.60546875 0.034375 0.0671875
1 0.1203125 0.45234375 0.0421875 0.071875
1 0.0671875 0.3546875 0.03125 0.046875
1 0.09296875 0.3265625 0.0359375 0.059375
1 0.13828125 0.31015625 0.05 0.0765625
1 0.0890625 0.225 0.059375 0.0625
1 0.1015625 0.16484375 0.03125 0.04375
1 0.13046875 0.08359375 0.0515625 0.0546875
1 0.08125 0.07421875 0.0296875 0.05625
1 0.06328125 0.15703125 0.0265625 0.0515625
1 0.03515625 0.31953125 0.0296875 0.0484375
1 0.03125 0.41953125 0.0546875 0.05625
1 0.01953125 0.4734375 0.0390625 0.05625
1 0.08515625 0.52421875 0.034375 0.0515625
1 0.046875 0.5890625 0.040625 0.053125
1 0.03203125 0.678125 0.040625 0.0859375
1 0.1296875 0.90546875 0.0453125 0.0640625
1 0.1125 0.771875 0.0328125 0.0546875
1 0.0828125 0.72421875 0.0484375 0.05
1 0.04609375 0.7921875 0.0265625 0.053125
1 0.05703125 0.89296875 0.0359375 0.0609375
1 0.00625 0.684375 0.0125 0.06875
1 0.0140625 0.79921875 0.028125 0.0734375
1 0.00625 0.8890625 0.0125 0.059375