2 0.3328125 0.978125 0.221875 0.04375
1 0.33671875 0.2046875 0.02734375 0.06484375
1 0.3125 0.13203125 0.03515625 0.06015625
1 0.2828125 0.03125 0.021875 0.0546875
1 0.4296875 0.38984375 0.05078125 0.0609375
1 0.37265625 0.2953125 0.040625 0.07578125
1 0.55234375 0.725 0.0359375 0.0578125
1 0.49921875 0.59296875 0.03203125 0.04609375
1 0.4578125 0.56328125 0.03125 0.04453125
1 0.490625 0.65859375 0.03515625 0.04296875
1 0.58828125 0.875 0.0453125 0.05
1 0.56875 0.9484375 0.03046875 0.05859375
1 0.54375 0.86484375 0.02734375 0.0484375
1 0.48671875 0.78515625 0.059375 0.0515625
1 0.46015625 0.73359375 0.03515625 0.0484375
1 0.41953125 0.66796875 0.0328125 0.04375
1 0.33984375 0.42109375 0.0390625 0.053125
1 0.3859375 0.42421875 0.028125 0.0484375
1 0.35 0.478125 0.0453125 0.04765625
1 0.37734375 0.5546875 0.025 0.0265625
1 0.3453125 0.53125 0.025 0.03203125
1 0.353125 0.59296875 0.03984375 0.0296875
1 0.35546875 0.653125 0.0328125 0.034375
1 0.3921875 0.70546875 0.02421875 0.03671875
1 0.38359375 0.76484375 0.0375 0.0328125
1 0.42890625 0.8546875 0.0375 0.046875
1 0.478125 0.89375 0.03984375 0.0546875
1 0.51015625 0.96328125 0.05625 0.0625
1 0.3328125 0.82734375 0.02265625 0.0734375
1 0.396875 0.83359375 0.01328125 0.0453125
1 0.40546875 0.93828125 0.05078125 0.0765625
1 0.3609375 0.83828125 0.0171875 0.05
1 0.30625 0.715625 0.021875 0.071875
1 0.29296875 0.6015625 0.02734375 0.0625
1 0.29453125 0.44453125 0.025 0.04765625
1 0.26328125 0.25703125 0.0265625 0.0515625
1 0.2859375 0.30078125 0.02421875 0.046875
1 0.2390625 0.065625 0.02578125 0.046875
1 0.2 0.0796875 0.025 0.0890625
1 0.20546875 0.1984375 0.02109375 0.0359375
1 0.26875 0.35546875 0.02890625 0.0546875
1 0.2390625 0.37421875 0.028125 0.07109375
1 0.23046875 0.2859375 0.02578125 0.0578125
1 0.1984375 0.28125 0.0265625 0.0703125
1 0.15078125 0.190625 0.03125 0.065625
1 0.165625 0.109375 0.028125 0.07421875
1 0.1453125 0.03671875 0.0265625 0.0453125
1 0.13046875 0.1171875 0.02421875 0.06484375
1 0.0703125 0.05390625 0.021875 0.06796875
1 0.08515625 0.1109375 0.02578125 0.0296875
1 0.08125 0.215625 0.03125 0.05078125
1 0.13359375 0.32109375 0.03125 0.07578125
1 0.18515625 0.40234375 0.0328125 0.05625
1 0.24140625 0.478125 0.025 0.0484375
1 0.22734375 0.53125 0.02578125 0.0515625
1 0.2 0.553125 0.025 0.04296875
1 0.2203125 0.61953125 0.03203125 0.05
1 0.24921875 0.63359375 0.021875 0.05078125
1 0.23046875 0.6765625 0.028125 0.04765625
1 0.28203125 0.80546875 0.03203125 0.0515625
1 0.31328125 0.91875 0.0265625 0.06328125
1 0.26640625 0.90859375 0.03828125 0.05
1 0.2140625 0.80625 0.021875 0.05390625
1 0.16796875 0.746875 0.0265625 0.0546875
1 0.13125 0.671875 0.02421875 0.06328125
1 0.11796875 0.51875 0.03125 0.0671875
1 0.0484375 0.43203125 0.0234375 0.04375
1 0.06875 0.4 0.02734375 0.05546875
1 0.1109375 0.37578125 0.03828125 0.0703125
1 0.04765625 0.30078125 0.05078125 0.0546875
1 0.04921875 0.2390625 0.02421875 0.03984375
1 0.0640625 0.15390625 0.04453125 0.0484375
1 0.0140625 0.05234375 0.028125 0.065625
1 0.01328125 0.153125 0.0203125 0.053125
1 0.01015625 0.23828125 0.01875 0.04921875
1 0.0109375 0.403125 0.021875 0.04609375
1 0.02421875 0.50234375 0.04609375 0.04921875
1 0.01953125 0.5578125 0.0390625 0.05
1 0.0953125 0.59609375 0.0265625 0.04765625
1 0.06953125 0.66640625 0.0328125 0.04765625
1 0.0703125 0.75625 0.0265625 0.0828125
1 0.20546875 0.96328125 0.03515625 0.059375
1 0.165625 0.83515625 0.0234375 0.0515625
1 0.128125 0.79296875 0.04140625 0.04296875
1 0.10390625 0.86640625 0.01796875 0.0515625
1 0.13203125 0.9640625 0.0265625 0.0578125
1 0.03046875 0.77109375 0.0328125 0.0640625
1 0.06796875 0.8796875 0.028125 0.0703125
1 0.02421875 0.953125 0.025 0.06953125
1 0.06953125 0.971875 0.02890625 0.05546875