2 0.33828125 0.9625 0.2765625 0.075
1 0.39140625 0.08125 0.03125 0.059375
1 0.48359375 0.35859375 0.028125 0.0515625
1 0.51640625 0.5328125 0.03125 0.05390625
1 0.55859375 0.584375 0.03828125 0.04296875
1 0.47578125 0.59453125 0.0296875 0.021875
1 0.446875 0.4765625 0.03046875 0.03046875
1 0.44296875 0.41484375 0.02578125 0.0484375
1 0.41171875 0.36484375 0.03359375 0.03671875
1 0.42734375 0.22890625 0.025 0.03125
1 0.3953125 0.225 0.02578125 0.0359375
1 0.36484375 0.15703125 0.03828125 0.03984375
1 0.3390625 0.084375 0.01953125 0.05
1 0.3078125 0.0234375 0.028125 0.03984375
1 0.30703125 0.1359375 0.0296875 0.06796875
1 0.2578125 0.09765625 0.0453125 0.06484375
1 0.2671875 0.209375 0.02578125 0.0625
1 0.3140625 0.2453125 0.01484375 0.0390625
1 0.3375 0.26328125 0.01484375 0.040625
1 0.35859375 0.30625 0.0359375 0.03828125
1 0.37109375 0.3546875 0.02109375 0.03515625
1 0.3828125 0.3984375 0.02109375 0.0265625
1 0.35390625 0.38515625 0.02265625 0.03046875
1 0.36328125 0.4296875 0.0265625 0.034375
1 0.3546875 0.4640625 0.02890625 0.0328125
1 0.3828125 0.54140625 0.02578125 0.03203125
1 0.41640625 0.4625 0.021875 0.04375
1 0.41875 0.509375 0.02421875 0.0265625
1 0.4265625 0.5578125 0.03046875 0.0296875
1 0.4390625 0.60078125 0.0265625 0.0390625
1 0.4421875 0.66875 0.034375 0.0484375
1 0.475 0.72109375 0.03515625 0.05703125
1 0.52421875 0.84921875 0.03125 0.04296875
1 0.49140625 0.815625 0.02421875 0.046875
1 0.40390625 0.7203125 0.0265625 0.0515625
1 0.4375 0.79296875 0.01875 0.03828125
1 0.4625 0.81015625 0.025 0.04296875
1 0.4109375 0.865625 0.028125 0.053125
1 0.40078125 0.79765625 0.03203125 0.05
1 0.3765625 0.86328125 0.03203125 0.07421875
1 0.45078125 0.896875 0.02265625 0.03515625
1 0.478125 0.9015625 0.02578125 0.03984375
1 0.2890625 0.2890625 0.02421875 0.04765625
1 0.31015625 0.33203125 0.02734375 0.0359375
1 0.31015625 0.453125 0.0203125 0.05078125
1 0.32421875 0.553125 0.0203125 0.0390625
1 0.3515625 0.6109375 0.034375 0.04765625
1 0.3671875 0.69453125 0.03359375 0.05234375
1 0.32578125 0.65859375 0.02421875 0.03984375
1 0.27890625 0.63359375 0.025 0.03828125
1 0.278125 0.7140625 0.01484375 0.02421875
1 0.2609375 0.3453125 0.01484375 0.053125
1 0.2671875 0.43125 0.028125 0.03984375
1 0.26953125 0.4953125 0.04375 0.06171875
1 0.2578125 0.56796875 0.015625 0.03125
1 0.1953125 0.48359375 0.0234375 0.0484375
1 0.22109375 0.4359375 0.02109375 0.0421875
1 0.22578125 0.37421875 0.02734375 0.04140625
1 0.2421875 0.24453125 0.01953125 0.0453125
1 0.22421875 0.1765625 0.01875 0.0453125
1 0.20234375 0.1828125 0.02421875 0.06171875
1 0.19375 0.04921875 0.0296875 0.04609375
1 0.315625 0.7265625 0.0234375 0.03046875
1 0.31796875 0.76953125 0.02734375 0.03515625
1 0.34296875 0.8984375 0.01796875 0.0453125
1 0.3125 0.88125 0.0265625 0.040625
1 0.2875 0.82421875 0.01484375 0.03671875
1 0.2640625 0.81015625 0.02421875 0.05
1 0.26953125 0.89375 0.025 0.04296875
1 0.2359375 0.88515625 0.01953125 0.0515625
1 0.2328125 0.72421875 0.0265625 0.04921875
1 0.20546875 0.70546875 0.0171875 0.04453125
1 0.20546875 0.87265625 0.02734375 0.059375
1 0.03515625 0.16171875 0.02265625 0.03359375
1 0.08671875 0.0453125 0.02421875 0.0453125
1 0.0515625 0.08046875 0.0296875 0.0671875
1 0.015625 0.040625 0.0265625 0.040625
1 0.015625 0.0875 0.03046875 0.0390625
1 0.08984375 0.21640625 0.021875 0.04609375
1 0.103125 0.284375 0.0296875 0.053125
1 0.13984375 0.3140625 0.02109375 0.03984375
1 0.15078125 0.26171875 0.01953125 0.03125
1 0.17734375 0.14140625 0.01640625 0.0375
1 0.146875 0.0515625 0.02265625 0.05390625
1 0.165625 0.1921875 0.025 0.03828125
1 0.196875 0.26875 0.025 0.0328125
1 0.18203125 0.32421875 0.034375 0.06171875
1 0.115625 0.475 0.04453125 0.0453125
1 0.14140625 0.3921875 0.0203125 0.03515625
1 0.05703125 0.3875 0.021875 0.03046875
1 0.04375 0.303125 0.021875 0.03828125
1 0.0265625 0.36171875 0.03046875 0.034375
1 0.0265625 0.24140625 0.0234375 0.03828125
1 0.0328125 0.44921875 0.0265625 0.0421875
1 0.06015625 0.47421875 0.0328125 0.04921875
1 0.07265625 0.58203125 0.03125 0.06328125
1 0.1390625 0.61796875 0.02265625 0.0421875
1 0.1453125 0.528125 0.021875 0.046875
1 0.10703125 0.709375 0.028125 0.03671875
1 0.0453125 0.765625 0.0359375 0.05703125
1 0.1046875 0.80390625 0.02578125 0.05
1 0.14765625 0.89765625 0.02734375 0.090625
1 0.0546875 0.896875 0.02578125 0.04921875
1 0.09296875 0.86484375 0.02734375 0.05390625
1 0.065625 0.971875 0.03359375 0.05546875
1 0.09609375 0.9234375 0.02421875 0.0453125
1 0.009375 0.9578125 0.01640625 0.075
1 0.03046875 0.95390625 0.0171875 0.0765625
1 0.01796875 0.81171875 0.0171875 0.04609375
1 0.02578125 0.73515625 0.0234375 0.0546875
1 0.01015625 0.61796875 0.0171875 0.059375
1 0.06953125 0.6515625 0.02734375 0.0484375
1 0.20390625 0.6125 0.05859375 0.071875