2 0.23671875 0.9328125 0.2265625 0.0890625
1 0.4015625 0.17734375 0.040625 0.06875
1 0.39296875 0.10078125 0.046875 0.065625
1 0.38515625 0.0125 0.0328125 0.025
1 0.45390625 0.37734375 0.0625 0.0703125
1 0.41796875 0.2734375 0.05625 0.0828125
1 0.5046875 0.73125 0.046875 0.0640625
1 0.4796875 0.590625 0.040625 0.0515625
1 0.4453125 0.553125 0.0390625 0.05
1 0.4578125 0.653125 0.04375 0.05
1 0.50859375 0.88515625 0.0546875 0.0578125
1 0.47421875 0.953125 0.0421875 0.0640625
1 0.4671875 0.865625 0.0375 0.053125
1 0.42734375 0.77578125 0.06875 0.0625
1 0.4125 0.7203125 0.04375 0.0546875
1 0.38671875 0.64765625 0.040625 0.05
1 0.359375 0.38984375 0.05 0.059375
1 0.40390625 0.40234375 0.0375 0.053125
1 0.3578125 0.44765625 0.0546875 0.05625
1 0.36875 0.528125 0.0296875 0.03125
1 0.3421875 0.4984375 0.03125 0.0359375
1 0.33671875 0.56015625 0.0453125 0.0375
1 0.3265625 0.61953125 0.0390625 0.040625
1 0.3515625 0.67890625 0.03125 0.040625
1 0.33125 0.73515625 0.04375 0.040625
1 0.35703125 0.83203125 0.046875 0.053125
1 0.396875 0.88046875 0.05 0.0625
1 0.41328125 0.95546875 0.06875 0.0734375
1 0.26875 0.78515625 0.0375 0.0765625
1 0.3296875 0.8046875 0.021875 0.046875
1 0.31640625 0.909375 0.065625 0.0859375
1 0.29375 0.80234375 0.0265625 0.053125
1 0.265625 0.6703125 0.0359375 0.075
1 0.2765625 0.55625 0.0390625 0.0671875
1 0.3109375 0.403125 0.034375 0.0515625
1 0.31875 0.21328125 0.0359375 0.05625
1 0.33203125 0.2609375 0.0328125 0.0515625
1 0.334375 0.0234375 0.034375 0.046875
1 0.29375 0.0359375 0.04375 0.071875
1 0.27421875 0.14375 0.028125 0.0390625
1 0.30390625 0.3109375 0.0390625 0.059375
1 0.27109375 0.32265625 0.0421875 0.075
1 0.28125 0.234375 0.0375 0.0625
1 0.25078125 0.2234375 0.040625 0.075
1 0.22265625 0.125 0.04375 0.0703125
1 0.25390625 0.0484375 0.0421875 0.078125
1 0.21796875 0.0484375 0.0375 0.06875
1 0.175 0.0328125 0.03125 0.034375
1 0.14921875 0.13515625 0.040625 0.05625
1 0.17890625 0.2484375 0.046875 0.08125
1 0.2125 0.3390625 0.04375 0.0625
1 0.2515625 0.425 0.034375 0.053125
1 0.2265625 0.47421875 0.0359375 0.05625
1 0.1953125 0.48984375 0.0328125 0.046875
1 0.2015625 0.55859375 0.0421875 0.05625
1 0.2265625 0.57890625 0.03125 0.0546875
1 0.2 0.61640625 0.0375 0.053125
1 0.2234375 0.753125 0.0421875 0.0578125
1 0.23046875 0.87109375 0.0390625 0.0671875
1 0.18671875 0.85078125 0.0484375 0.05625
1 0.15625 0.73984375 0.0328125 0.0578125
1 0.12421875 0.67265625 0.0375 0.059375
1 0.10390625 0.59140625 0.0375 0.0671875
1 0.12265625 0.4390625 0.0453125 0.071875
1 0.07265625 0.33984375 0.03125 0.0484375
1 0.09921875 0.3125 0.0375 0.059375
1 0.1453125 0.29765625 0.0515625 0.0765625
1 0.09921875 0.2109375 0.0609375 0.0640625
1 0.11328125 0.15078125 0.03125 0.04375
1 0.1453125 0.07109375 0.053125 0.05625
1 0.09609375 0.059375 0.03125 0.05625
1 0.075 0.1421875 0.028125 0.0515625
1 0.04140625 0.30390625 0.03125 0.05
1 0.034375 0.403125 0.0546875 0.0578125
1 0.02109375 0.45625 0.0421875 0.05625
1 0.084375 0.51015625 0.0359375 0.0515625
1 0.04453125 0.5734375 0.0421875 0.053125
1 0.0265625 0.6609375 0.04375 0.0859375
1 0.115625 0.8921875 0.046875 0.065625
1 0.103125 0.75859375 0.034375 0.0546875
1 0.075 0.709375 0.05 0.05
1 0.03671875 0.77578125 0.028125 0.0546875
1 0.04375 0.87734375 0.0375 0.0625
1 0.009375 0.78125 0.01875 0.075