2 0.37890625 0.9625 0.2828125 0.075
1 0.35546875 0.0921875 0.0359375 0.0625
1 0.47109375 0.3609375 0.0328125 0.053125
1 0.51953125 0.53125 0.0359375 0.05625
1 0.565625 0.57890625 0.0421875 0.046875
1 0.484375 0.59609375 0.03125 0.025
1 0.4453125 0.48125 0.0328125 0.0328125
1 0.4359375 0.4203125 0.0296875 0.05
1 0.4 0.3734375 0.0359375 0.0390625
1 0.40390625 0.2359375 0.028125 0.0328125
1 0.371875 0.23515625 0.028125 0.0375
1 0.33515625 0.1703125 0.0421875 0.04375
1 0.303125 0.1 0.0234375 0.0515625
1 0.2671875 0.0421875 0.03125 0.0421875
1 0.27578125 0.15390625 0.0359375 0.0703125
1 0.2234375 0.1203125 0.0515625 0.06875
1 0.24296875 0.23046875 0.03125 0.0640625
1 0.2921875 0.2625 0.01875 0.040625
1 0.3171875 0.278125 0.01875 0.0421875
1 0.3421875 0.31953125 0.0390625 0.040625
1 0.35859375 0.36640625 0.0234375 0.0375
1 0.37421875 0.409375 0.0234375 0.028125
1 0.34453125 0.3984375 0.025 0.0328125
1 0.3578125 0.4421875 0.0296875 0.0359375
1 0.35234375 0.4765625 0.03125 0.0359375
1 0.38671875 0.5515625 0.028125 0.034375
1 0.41328125 0.4703125 0.025 0.0453125
1 0.41953125 0.51640625 0.0265625 0.028125
1 0.43203125 0.5640625 0.0328125 0.0328125
1 0.4484375 0.60546875 0.0296875 0.040625
1 0.45703125 0.6734375 0.0390625 0.0515625
1 0.49453125 0.72265625 0.040625 0.059375
1 0.5546875 0.84609375 0.034375 0.0453125
1 0.51875 0.81484375 0.028125 0.0484375
1 0.4234375 0.728125 0.03125 0.053125
1 0.46328125 0.79765625 0.021875 0.0390625
1 0.48984375 0.8125 0.028125 0.0453125
1 0.44296875 0.871875 0.0328125 0.0546875
1 0.42734375 0.80546875 0.0359375 0.053125
1 0.40859375 0.87265625 0.0390625 0.0765625
1 0.4859375 0.9 0.025 0.0375
1 0.51328125 0.9015625 0.0296875 0.0421875
1 0.27109375 0.30859375 0.028125 0.05
1 0.29609375 0.34921875 0.0296875 0.0375
1 0.30703125 0.46953125 0.025 0.053125
1 0.3296875 0.56796875 0.0234375 0.040625
1 0.36171875 0.6234375 0.0390625 0.05
1 0.384375 0.70546875 0.0375 0.0546875
1 0.340625 0.6734375 0.028125 0.0421875
1 0.29140625 0.65234375 0.028125 0.040625
1 0.29765625 0.7328125 0.0171875 0.025
1 0.2484375 0.36640625 0.01875 0.0546875
1 0.26171875 0.4515625 0.03125 0.0421875
1 0.2703125 0.515625 0.0484375 0.065625
1 0.26484375 0.5890625 0.01875 0.0328125
1 0.1953125 0.51015625 0.028125 0.05
1 0.21640625 0.46015625 0.025 0.04375
1 0.215625 0.3984375 0.03125 0.04375
1 0.22109375 0.26796875 0.0234375 0.046875
1 0.196875 0.2015625 0.021875 0.046875
1 0.17578125 0.21015625 0.0296875 0.0640625
1 0.15546875 0.07734375 0.0328125 0.0484375
1 0.3359375 0.74140625 0.0265625 0.0328125
1 0.3421875 0.784375 0.0296875 0.0375
1 0.378125 0.9109375 0.021875 0.046875
1 0.34609375 0.89609375 0.0296875 0.0421875
1 0.31640625 0.84140625 0.01875 0.0375
1 0.2921875 0.8296875 0.028125 0.0515625
1 0.3046875 0.9125 0.028125 0.0453125
1 0.2703125 0.90703125 0.0234375 0.053125
1 0.253125 0.746875 0.03125 0.0515625
1 0.22421875 0.73046875 0.0203125 0.0453125
1 0.2390625 0.896875 0.0328125 0.0609375
1 0.01015625 0.20390625 0.0203125 0.0359375
1 0.0484375 0.0828125 0.028125 0.046875
1 0.0171875 0.1203125 0.034375 0.06875
1 0.06640625 0.253125 0.0265625 0.0484375
1 0.0859375 0.31953125 0.034375 0.05625
1 0.125 0.34609375 0.025 0.0421875
1 0.13125 0.29296875 0.021875 0.0328125
1 0.14765625 0.17109375 0.0203125 0.0390625
1 0.109375 0.084375 0.0265625 0.05625
1 0.13984375 0.22265625 0.028125 0.040625
1 0.178125 0.29609375 0.028125 0.034375
1 0.16796875 0.35234375 0.0390625 0.0640625
1 0.11484375 0.50859375 0.0484375 0.0484375
1 0.13359375 0.42421875 0.0234375 0.0375
1 0.04921875 0.4265625 0.025 0.0328125
1 0.028125 0.34375 0.025 0.040625
1 0.01640625 0.403125 0.0328125 0.0375
1 0.009375 0.2828125 0.01875 0.040625
1 0.03046875 0.48984375 0.0296875 0.04375
1 0.059375 0.5125 0.0375 0.0515625
1 0.08125 0.61875 0.0359375 0.065625
1 0.15078125 0.64921875 0.0265625 0.04375
1 0.14921875 0.55859375 0.0265625 0.0484375
1 0.1265625 0.74296875 0.03125 0.0390625
1 0.0703125 0.80390625 0.040625 0.059375
1 0.1328125 0.8375 0.0296875 0.0515625
1 0.18359375 0.9265625 0.034375 0.0921875
1 0.090625 0.934375 0.0296875 0.0515625
1 0.1265625 0.89921875 0.03125 0.05625
1 0.10859375 0.9890625 0.0390625 0.021875
1 0.134375 0.95703125 0.028125 0.046875
1 0.05078125 0.98046875 0.0234375 0.0390625
1 0.07109375 0.9765625 0.0234375 0.046875
1 0.046875 0.85234375 0.021875 0.046875
1 0.0484375 0.77578125 0.028125 0.05625
1 0.02265625 0.66015625 0.021875 0.0609375
1 0.084375 0.68828125 0.03125 0.05
1 0.21484375 0.6375 0.0640625 0.0765625