2 0.33671875 0.96015625 0.284375 0.0796875
1 0.5671875 0.621875 0.04453125 0.08125
1 0.43828125 0.2546875 0.03125 0.0453125
1 0.48515625 0.3703125 0.02265625 0.05546875
1 0.4234375 0.38671875 0.02421875 0.046875
1 0.3953125 0.40703125 0.021875 0.0515625
1 0.3671875 0.3984375 0.0265625 0.0375
1 0.4078125 0.24296875 0.02734375 0.04453125
1 0.41328125 0.0953125 0.0328125 0.06875
1 0.36015625 0.0171875 0.0328125 0.034375
1 0.3515625 0.1109375 0.0203125 0.0546875
1 0.396875 0.18515625 0.03125 0.03359375
1 0.36875 0.18125 0.015625 0.06171875
1 0.3796875 0.30703125 0.02265625 0.040625
1 0.35390625 0.2859375 0.021875 0.04609375
1 0.3234375 0.14921875 0.021875 0.08046875
1 0.3265625 0.05234375 0.02578125 0.04921875
1 0.28984375 0.07890625 0.0234375 0.08046875
1 0.221875 0.05390625 0.034375 0.0671875
1 0.28671875 0.2265625 0.03203125 0.075
1 0.24765625 0.19140625 0.02265625 0.0453125
1 0.2546875 0.25078125 0.021875 0.04609375
1 0.275 0.3609375 0.02109375 0.04375
1 0.3078125 0.309375 0.02421875 0.040625
1 0.31328125 0.4546875 0.0265625 0.07265625
1 0.275 0.44765625 0.02734375 0.05078125
1 0.23671875 0.44921875 0.02578125 0.0421875
1 0.2328125 0.38515625 0.02265625 0.0453125
1 0.20390625 0.27109375 0.0234375 0.03828125
1 0.21484375 0.2015625 0.02578125 0.05546875
1 0.1109375 0.04296875 0.02421875 0.06015625
1 0.11640625 0.46796875 0.03515625 0.0609375
1 0.14375 0.43828125 0.0234375 0.0546875
1 0.1578125 0.4 0.025 0.05859375
1 0.15078125 0.31484375 0.01875 0.04453125
1 0.10546875 0.20859375 0.02578125 0.0625
1 0.53515625 0.86640625 0.046875 0.059375
1 0.484375 0.6125 0.0328125 0.05078125
1 0.4578125 0.49140625 0.03359375 0.03828125
1 0.509375 0.55390625 0.0296875 0.03828125
1 0.44453125 0.56015625 0.03671875 0.03125
1 0.45 0.62109375 0.02890625 0.0453125
1 0.45078125 0.69375 0.03125 0.04765625
1 0.48359375 0.74375 0.04296875 0.0609375
1 0.47109375 0.81640625 0.03125 0.04296875
1 0.49296875 0.846875 0.0203125 0.04375
1 0.49453125 0.94140625 0.03359375 0.03984375
1 0.41640625 0.82265625 0.028125 0.06171875
1 0.41875 0.73125 0.028125 0.04453125
1 0.3734375 0.7234375 0.0234375 0.0640625
1 0.36640625 0.628125 0.0375 0.0515625
1 0.3390625 0.67578125 0.02734375 0.04921875
1 0.33203125 0.78828125 0.03046875 0.0421875
1 0.37734375 0.81640625 0.03046875 0.0453125
1 0.38203125 0.88359375 0.0359375 0.0515625
1 0.30078125 0.8296875 0.02421875 0.03359375
1 0.284375 0.665625 0.02578125 0.053125
1 0.22109375 0.63359375 0.034375 0.0625
1 0.21015625 0.5109375 0.03828125 0.05546875
1 0.20546875 0.35546875 0.01953125 0.03046875
1 0.15703125 0.55703125 0.0296875 0.0484375
1 0.14296875 0.6234375 0.025 0.04296875
1 0.11015625 0.5578125 0.021875 0.040625
1 0.0671875 0.46796875 0.0265625 0.0453125
1 0.07109375 0.38984375 0.021875 0.03125
1 0.05625 0.30703125 0.02578125 0.03359375
1 0.0953125 0.33984375 0.0234375 0.03125
1 0.1328125 0.66796875 0.02421875 0.04296875
1 0.17421875 0.0734375 0.03125 0.05234375
1 0.04296875 0.25 0.02265625 0.025
1 0.02265625 0.06484375 0.04296875 0.10078125
1 0.0375 0.3640625 0.0296875 0.02734375
1 0.08359375 0.66171875 0.0203125 0.06015625
1 0.2171875 0.8859375 0.0203125 0.08671875
1 0.16796875 0.90625 0.0234375 0.075
1 0.134375 0.9375 0.02265625 0.0828125
1 0.07890625 0.965625 0.025 0.06875
1 0.0609375 0.88984375 0.0234375 0.0546875
1 0.109375 0.7890625 0.01953125 0.059375
1 0.1453125 0.81796875 0.01796875 0.0546875
1 0.19140625 0.82734375 0.021875 0.04765625
1 0.21640625 0.71640625 0.01640625 0.0546875
1 0.23828125 0.73125 0.01484375 0.03359375
1 0.10546875 0.8796875 0.01875 0.09609375
1 0.053125 0.7734375 0.0265625 0.05390625
1 0.05 0.5609375 0.02109375 0.0703125
1 0.0375 0.50390625 0.04140625 0.0375
1 0.11328125 0.27578125 0.021875 0.0328125
1 0.084375 0.0953125 0.0234375 0.05390625
1 0.17109375 0.01953125 0.0296875 0.03828125
1 0.1953125 0.321875 0.0265625 0.03984375
1 0.19765625 0.39609375 0.03046875 0.04453125
1 0.375 0.471875 0.0296875 0.0546875
1 0.40546875 0.57421875 0.0375 0.05234375
1 0.315625 0.7390625 0.0265625 0.0375
1 0.28515625 0.725 0.02265625 0.05
1 0.2734375 0.82265625 0.021875 0.05703125
1 0.41640625 0.89453125 0.0203125 0.05859375
1 0.015625 0.41171875 0.0171875 0.05703125
1 0.01484375 0.31484375 0.0203125 0.06640625
1 0.13828125 0.36171875 0.0140625 0.0375
1 0.046875 0.15390625 0.02421875 0.03828125
1 0.01328125 0.59296875 0.0234375 0.0453125