1 0.3234375 0.790625 0.6296875 0.41875
0 0.13125 0.71484375 0.05859375 0.18515625
0 0.2390625 0.48359375 0.0671875 0.18984375
0 0.453125 0.3109375 0.03984375 0.1515625
0 0.6015625 0.23515625 0.065625 0.15625
0 0.5140625 0.1671875 0.04609375 0.13515625
0 0.7828125 0.09296875 0.05703125 0.17421875
0 0.20625 0.1453125 0.04375 0.15390625
0 0.14453125 0.1734375 0.04921875 0.18046875
0 0.10859375 0.45234375 0.04765625 0.2046875
0 0.040625 0.6453125 0.0421875 0.2015625
0 0.05546875 0.8125 0.04609375 0.121875
0 0.015625 0.43046875 0.03046875 0.1609375
0 0.04296875 0.0890625 0.028125 0.1375
0 0.07421875 0.0875 0.0296875 0.14453125
0 0.23125 0.02734375 0.06015625 0.0546875
0 0.009375 0.17890625 0.01875 0.1078125
0 0.49375 0.53125 0.05625 0.12890625