2 0.265625 0.80234375 0.53125 0.3953125
1 0.9515625 0.2890625 0.096875 0.225
1 0.77578125 0.4484375 0.0890625 0.175
1 0.72109375 0.25703125 0.0703125 0.1609375
1 0.68515625 0.09921875 0.0578125 0.1
1 0.59609375 0.20078125 0.0796875 0.146875
1 0.60703125 0.496875 0.084375 0.14375
1 0.53046875 0.409375 0.0609375 0.1140625
1 0.434375 0.5640625 0.071875 0.1453125
1 0.24609375 0.60546875 0.1171875 0.159375
1 0.34296875 0.1921875 0.075 0.121875
1 0.409375 0.06328125 0.0796875 0.121875
1 0.39296875 0.01171875 0.0546875 0.0234375
1 0.296875 0.10390625 0.06875 0.0953125
1 0.30703125 0.175 0.053125 0.10625
1 0.21171875 0.32109375 0.125 0.1859375
1 0.2265625 0.0546875 0.121875 0.109375
1 0.15703125 0.22265625 0.0640625 0.1375
1 0.11875 0.228125 0.0671875 0.1671875
1 0.103125 0.15 0.0875 0.1671875
1 0.11015625 0.58046875 0.08125 0.15625
1 0.0640625 0.66484375 0.0609375 0.0734375
1 0.06484375 0.76328125 0.05 0.084375