2 0.34453125 0.9671875 0.2296875 0.065625
1 0.359375 0.225 0.0296875 0.065625
1 0.3484375 0.17421875 0.0375 0.0453125
1 0.378125 0.33671875 0.0234375 0.05625
1 0.39765625 0.365625 0.0203125 0.04375
1 0.43046875 0.41484375 0.0234375 0.05625
1 0.45546875 0.42265625 0.0265625 0.0390625
1 0.39296875 0.46796875 0.025 0.0734375
1 0.35546875 0.45703125 0.046875 0.0609375
1 0.3171875 0.0640625 0.0234375 0.0671875
1 0.278125 0.090625 0.034375 0.0734375
1 0.2375 0.11875 0.025 0.04375
1 0.27578125 0.271875 0.015625 0.0484375
1 0.30390625 0.32890625 0.0234375 0.0375
1 0.278125 0.41640625 0.021875 0.040625
1 0.2953125 0.48984375 0.0296875 0.0625
1 0.3796875 0.59140625 0.0328125 0.046875
1 0.45625 0.61015625 0.0296875 0.0515625
1 0.5 0.65234375 0.0328125 0.040625
1 0.484375 0.71328125 0.028125 0.040625
1 0.54609375 0.77890625 0.0359375 0.0484375
1 0.57265625 0.9265625 0.034375 0.0390625
1 0.5328125 0.91484375 0.028125 0.0390625
1 0.546875 0.98125 0.028125 0.0375
1 0.51015625 0.9578125 0.021875 0.05
1 0.47734375 0.83203125 0.04375 0.0390625
1 0.46484375 0.778125 0.034375 0.0390625
1 0.41875 0.703125 0.03125 0.028125
1 0.36953125 0.690625 0.0296875 0.0328125
1 0.37421875 0.7765625 0.0484375 0.040625
1 0.30859375 0.75234375 0.0359375 0.0609375
1 0.290625 0.63828125 0.021875 0.05625
1 0.24921875 0.50390625 0.0234375 0.028125
1 0.2 0.5640625 0.025 0.0390625
1 0.24296875 0.5609375 0.025 0.04375
1 0.27265625 0.58359375 0.01875 0.034375
1 0.26171875 0.65078125 0.0234375 0.0390625
1 0.2296875 0.6390625 0.0265625 0.040625
1 0.23203125 0.68828125 0.025 0.0328125
1 0.22265625 0.74296875 0.0203125 0.03125
1 0.196875 0.68359375 0.0265625 0.0453125
1 0.17890625 0.778125 0.021875 0.0609375
1 0.43203125 0.896875 0.0375 0.0515625
1 0.28671875 0.815625 0.03125 0.046875
1 0.2296875 0.228125 0.025 0.04375
1 0.246875 0.303125 0.0171875 0.0453125
1 0.20625 0.3953125 0.025 0.046875
1 0.184375 0.36953125 0.0203125 0.04375
1 0.21875 0.28671875 0.0203125 0.0578125
1 0.184375 0.21875 0.021875 0.0421875
1 0.19921875 0.14609375 0.0234375 0.040625
1 0.17265625 0.4890625 0.025 0.0375
1 0.1265625 0.51953125 0.0390625 0.0453125
1 0.1453125 0.5828125 0.0234375 0.05
1 0.10625 0.6125 0.03125 0.0546875
1 0.14296875 0.6859375 0.034375 0.0546875
1 0.0703125 0.66953125 0.0234375 0.0375
1 0.07421875 0.43359375 0.021875 0.05625
1 0.14375 0.31484375 0.053125 0.05
1 0.13828125 0.2015625 0.0203125 0.0640625
1 0.115625 0.06484375 0.0234375 0.05625
1 0.11875 0.11953125 0.0328125 0.0390625
1 0.0890625 0.15546875 0.0265625 0.0546875
1 0.06015625 0.040625 0.034375 0.0578125
1 0.05078125 0.1375 0.0203125 0.0734375
1 0.0359375 0.2390625 0.025 0.05625
1 0.06796875 0.23515625 0.0328125 0.0375
1 0.078125 0.296875 0.0359375 0.0515625
1 0.0234375 0.3984375 0.03125 0.0453125
1 0.03515625 0.5078125 0.0390625 0.0515625
1 0.0484375 0.7125 0.015625 0.0890625
1 0.06953125 0.76796875 0.0359375 0.075
1 0.065625 0.96875 0.021875 0.046875
1 0.15859375 0.859375 0.03125 0.0765625