1 0.3796875 0.96484375 0.284375 0.0703125
1 0.57734375 0.8953125 0.040625 0.065625
1 0.51953125 0.753125 0.03125 0.0421875
1 0.51875 0.5078125 0.0421875 0.0484375
1 0.48203125 0.45078125 0.040625 0.05
1 0.41171875 0.27265625 0.0515625 0.0578125
1 0.35 0.15390625 0.0546875 0.0546875
1 0.2390625 0.16796875 0.0234375 0.04375
1 0.21015625 0.11015625 0.0265625 0.08125
1 0.2734375 0.12265625 0.040625 0.065625
1 0.34140625 0.3640625 0.0296875 0.053125
1 0.3875 0.396875 0.0171875 0.0421875
1 0.3984375 0.4515625 0.0390625 0.0421875
1 0.38984375 0.50546875 0.028125 0.0375
1 0.43515625 0.521875 0.03125 0.034375
1 0.4125 0.56875 0.05 0.0375
1 0.40234375 0.61796875 0.0328125 0.0296875
1 0.4078125 0.65859375 0.0234375 0.034375
1 0.47578125 0.67578125 0.0171875 0.0421875
1 0.43359375 0.7515625 0.034375 0.0375
1 0.4109375 0.79140625 0.03125 0.0453125
1 0.3640625 0.703125 0.034375 0.053125
1 0.32578125 0.66640625 0.0265625 0.0453125
1 0.33125 0.53359375 0.03125 0.0546875
1 0.3109375 0.4359375 0.0296875 0.05
1 0.3109375 0.32109375 0.0265625 0.046875
1 0.28359375 0.27578125 0.0171875 0.0421875
1 0.26640625 0.215625 0.0265625 0.0453125
1 0.20859375 0.2921875 0.028125 0.04375
1 0.1828125 0.0953125 0.021875 0.0515625
1 0.1484375 0.071875 0.025 0.0453125
1 0.17578125 0.18359375 0.03125 0.0515625
1 0.1296875 0.16796875 0.04375 0.0625
1 0.06640625 0.1015625 0.021875 0.059375
1 0.0390625 0.12421875 0.0328125 0.0625
1 0.00703125 0.0984375 0.0140625 0.0875
1 0.06328125 0.21328125 0.0328125 0.0390625
1 0.03125 0.24453125 0.034375 0.034375
1 0.02734375 0.29140625 0.040625 0.04375
1 0.02578125 0.34765625 0.03125 0.046875
1 0.259375 0.29921875 0.0203125 0.05
1 0.23515625 0.5 0.0171875 0.04375
1 0.2828125 0.3828125 0.0296875 0.0609375
1 0.19921875 0.39140625 0.028125 0.053125
1 0.18046875 0.42265625 0.0234375 0.046875
1 0.21328125 0.5421875 0.0234375 0.0484375
1 0.23125 0.58515625 0.025 0.046875
1 0.17109375 0.53671875 0.0234375 0.046875
1 0.1890625 0.49609375 0.0234375 0.0609375
1 0.1484375 0.39140625 0.0265625 0.0375
1 0.146875 0.46484375 0.021875 0.040625
1 0.05546875 0.428125 0.025 0.0515625
1 0.07421875 0.5171875 0.05625 0.0625
1 0.12734375 0.58203125 0.028125 0.0640625
1 0.253125 0.73046875 0.0265625 0.0546875
1 0.29296875 0.5484375 0.0203125 0.0390625
1 0.28046875 0.44375 0.025 0.046875
1 0.29140625 0.49609375 0.0265625 0.0484375
1 0.12890625 0.296875 0.021875 0.04375
1 0.08515625 0.2546875 0.0234375 0.034375
1 0.26171875 0.79375 0.0296875 0.059375
1 0.27734375 0.67578125 0.0234375 0.0515625
1 0.29765625 0.7515625 0.025 0.0515625
1 0.36640625 0.790625 0.0296875 0.04375
1 0.22734375 0.6953125 0.0234375 0.0546875
1 0.23671875 0.81953125 0.034375 0.0796875
1 0.20078125 0.8734375 0.03125 0.053125
1 0.2109375 0.76640625 0.03125 0.046875
1 0.1765625 0.7296875 0.0234375 0.0484375
1 0.18203125 0.5953125 0.0265625 0.040625
1 0.12265625 0.82265625 0.025 0.06875
1 0.16328125 0.91328125 0.021875 0.0765625
1 0.1515625 0.82421875 0.03125 0.0640625
1 0.1328125 0.709375 0.0265625 0.040625
1 0.053125 0.8171875 0.034375 0.0625
1 0.06875 0.890625 0.0390625 0.0484375
1 0.12109375 0.95390625 0.021875 0.065625
1 0.15625 0.99140625 0.021875 0.0171875
1 0.36171875 0.86796875 0.0265625 0.0546875
1 0.4734375 0.83203125 0.028125 0.059375
1 0.4765625 0.89765625 0.0265625 0.040625
1 0.0546875 0.5859375 0.028125 0.0546875
1 0.04453125 0.6875 0.0375 0.0390625
1 0.1578125 0.640625 0.025 0.0578125