2 0.34765625 0.9625 0.4578125 0.075
1 0.89453125 0.3609375 0.0640625 0.1890625
1 0.8625 0.51015625 0.059375 0.1078125
1 0.7859375 0.62890625 0.0640625 0.1828125
1 0.78046875 0.4203125 0.0828125 0.165625
1 0.8875 0.05 0.084375 0.1
1 0.75234375 0.1515625 0.065625 0.0796875
1 0.75234375 0.05625 0.0609375 0.06875
1 0.7109375 0.27890625 0.1140625 0.1078125
1 0.59140625 0.11015625 0.0703125 0.0671875
1 0.62109375 0.0375 0.0640625 0.075
1 0.52265625 0.22421875 0.0546875 0.171875
1 0.621875 0.60546875 0.0671875 0.140625
1 0.50078125 0.56484375 0.0703125 0.1296875
1 0.503125 0.41484375 0.040625 0.1171875
1 0.52734375 0.803125 0.0625 0.1359375
1 0.7015625 0.81171875 0.0734375 0.1578125
1 0.66640625 0.70859375 0.0890625 0.0578125
1 0.38984375 0.3015625 0.071875 0.13125
1 0.42265625 0.165625 0.046875 0.121875
1 0.453125 0.08828125 0.0640625 0.09375
1 0.22734375 0.04765625 0.1109375 0.0703125
1 0.1515625 0.14765625 0.08125 0.0859375
1 0.26171875 0.25625 0.0390625 0.11875
1 0.27421875 0.41171875 0.0578125 0.16875
1 0.26015625 0.64921875 0.040625 0.134375
1 0.22734375 0.6296875 0.0359375 0.128125
1 0.24921875 0.88046875 0.0421875 0.1484375
1 0.2078125 0.8 0.0390625 0.1515625
1 0.06484375 0.709375 0.075 0.1578125
1 0.04296875 0.90546875 0.034375 0.1515625
1 0.028125 0.0921875 0.05625 0.1375
1 0.0671875 0.325 0.0515625 0.1625
1 0.1484375 0.36328125 0.0921875 0.1765625
1 0.10078125 0.49765625 0.0734375 0.0796875
1 0.128125 0.5984375 0.053125 0.11875
1 0.1234375 0.81015625 0.0421875 0.1765625
1 0.39609375 0.02265625 0.0671875 0.0390625
1 0.68359375 0.0234375 0.0421875 0.046875
1 0.478125 0.8921875 0.05625 0.0578125