2 0.2265625 0.9125 0.453125 0.171875
1 0.91796875 0.475 0.0953125 0.19375
1 0.84609375 0.609375 0.0765625 0.115625
1 0.7390625 0.703125 0.0953125 0.1890625
1 0.79140625 0.50078125 0.109375 0.175
1 0.9734375 0.171875 0.053125 0.11875
1 0.83828125 0.23515625 0.078125 0.0890625
1 0.86484375 0.14296875 0.071875 0.078125
1 0.76328125 0.3453125 0.128125 0.1234375
1 0.6953125 0.15078125 0.0796875 0.078125
1 0.7453125 0.08515625 0.0765625 0.0921875
1 0.59765625 0.24140625 0.0828125 0.1765625
1 0.58828125 0.63515625 0.0890625 0.1484375
1 0.4828125 0.5625 0.090625 0.1375
1 0.5265625 0.41875 0.059375 0.1203125
1 0.44296875 0.7984375 0.084375 0.1421875
1 0.6078125 0.85546875 0.0984375 0.165625
1 0.60234375 0.746875 0.0953125 0.071875
1 0.4484375 0.27890625 0.0921875 0.1390625
1 0.51796875 0.15703125 0.0671875 0.1265625
1 0.56875 0.09140625 0.078125 0.1015625
1 0.3625 0.0171875 0.11875 0.034375
1 0.26171875 0.06484375 0.09375 0.096875
1 0.33828125 0.2 0.059375 0.121875
1 0.30703125 0.353125 0.0859375 0.1734375
1 0.228125 0.57734375 0.0625 0.1359375
1 0.20234375 0.55 0.0578125 0.13125
1 0.15390625 0.796875 0.065625 0.15
1 0.1359375 0.7078125 0.0640625 0.153125
1 0.03671875 0.58125 0.0734375 0.165625
1 0.146875 0.0234375 0.103125 0.046875
1 0.13203125 0.2125 0.078125 0.1671875
1 0.2 0.271875 0.11875 0.1859375
1 0.1171875 0.3875 0.084375 0.0890625
1 0.115625 0.4921875 0.071875 0.1234375
1 0.05234375 0.69453125 0.071875 0.178125
1 0.53125 0.01875 0.071875 0.0375
1 0.809375 0.0875 0.05 0.0640625
1 0.37109375 0.87109375 0.0640625 0.065625