1 0.35546875 0.96484375 0.28125 0.0703125
1 0.55625 0.8984375 0.03671875 0.06328125
1 0.50625 0.75390625 0.0296875 0.040625
1 0.51796875 0.50859375 0.03984375 0.046875
1 0.484375 0.45 0.03828125 0.0484375
1 0.4234375 0.26796875 0.04921875 0.0546875
1 0.36796875 0.146875 0.05234375 0.05234375
1 0.25703125 0.1546875 0.02109375 0.04296875
1 0.23125 0.0953125 0.02265625 0.0796875
1 0.29375 0.11171875 0.03671875 0.0640625
1 0.3484375 0.35625 0.02734375 0.05234375
1 0.39296875 0.39140625 0.015625 0.0421875
1 0.40078125 0.44609375 0.03671875 0.03984375
1 0.38984375 0.5 0.0265625 0.03671875
1 0.434375 0.51875 0.02890625 0.0328125
1 0.409375 0.5640625 0.04765625 0.03515625
1 0.39609375 0.6125 0.03125 0.028125
1 0.4 0.65390625 0.02109375 0.03359375
1 0.46640625 0.67421875 0.015625 0.04140625
1 0.4203125 0.74765625 0.03203125 0.03515625
1 0.39609375 0.78671875 0.0296875 0.04375
1 0.35390625 0.69609375 0.03125 0.05078125
1 0.3171875 0.65703125 0.02421875 0.04453125
1 0.3296875 0.525 0.02890625 0.053125
1 0.31484375 0.42578125 0.02734375 0.0484375
1 0.3203125 0.31171875 0.02421875 0.0453125
1 0.2953125 0.26484375 0.015625 0.04140625
1 0.28125 0.20390625 0.02421875 0.04453125
1 0.21953125 0.27734375 0.02578125 0.04296875
1 0.2046875 0.07890625 0.01953125 0.05
1 0.17109375 0.05390625 0.02265625 0.04453125
1 0.19296875 0.1671875 0.028125 0.05
1 0.14765625 0.14921875 0.03984375 0.0609375
1 0.0875 0.0796875 0.01953125 0.05859375
1 0.059375 0.10078125 0.0296875 0.06171875
1 0.0171875 0.07265625 0.034375 0.0859375
1 0.07890625 0.190625 0.03125 0.03671875
1 0.0453125 0.2203125 0.03203125 0.0328125
1 0.0390625 0.2671875 0.0390625 0.0421875
1 0.034375 0.32265625 0.02890625 0.0453125
1 0.2703125 0.28671875 0.01796875 0.0484375
1 0.23515625 0.4859375 0.015625 0.04296875
1 0.2890625 0.371875 0.0265625 0.059375
1 0.20546875 0.37578125 0.02578125 0.05234375
1 0.18515625 0.40625 0.02109375 0.04609375
1 0.21171875 0.52734375 0.02109375 0.046875
1 0.22734375 0.57109375 0.02265625 0.04609375
1 0.16953125 0.51953125 0.0203125 0.04609375
1 0.18984375 0.4796875 0.02109375 0.059375
1 0.1546875 0.3734375 0.02421875 0.0359375
1 0.14921875 0.44609375 0.0203125 0.03984375
1 0.06015625 0.4046875 0.02265625 0.05
1 0.07421875 0.49453125 0.05390625 0.059375
1 0.1234375 0.5625 0.02421875 0.0625
1 0.24140625 0.7171875 0.0234375 0.053125
1 0.290625 0.5375 0.01875 0.0375
1 0.28359375 0.43203125 0.0234375 0.0453125
1 0.2921875 0.48515625 0.02421875 0.04765625
1 0.13984375 0.27734375 0.01953125 0.04296875
1 0.0984375 0.23359375 0.02109375 0.0328125
1 0.246875 0.78125 0.02734375 0.05859375
1 0.26875 0.6640625 0.0203125 0.05078125
1 0.28515625 0.740625 0.021875 0.05078125
1 0.3515625 0.78359375 0.028125 0.0421875
1 0.2171875 0.68046875 0.02109375 0.053125
1 0.2203125 0.80546875 0.03046875 0.078125
1 0.18203125 0.85703125 0.02890625 0.0515625
1 0.19765625 0.75078125 0.02890625 0.0453125
1 0.16484375 0.7125 0.02109375 0.04765625
1 0.17734375 0.57890625 0.02421875 0.0390625
1 0.10625 0.80234375 0.02109375 0.06796875
1 0.1421875 0.8953125 0.0171875 0.07578125
1 0.13515625 0.80546875 0.028125 0.06328125
1 0.12265625 0.68984375 0.02421875 0.0390625
1 0.0375 0.79375 0.03046875 0.06171875
1 0.04921875 0.8671875 0.03671875 0.04609375
1 0.09765625 0.93359375 0.01875 0.0640625
1 0.13046875 0.9828125 0.0203125 0.034375
1 0.34296875 0.86015625 0.0234375 0.053125
1 0.45625 0.83046875 0.02578125 0.0578125
1 0.45546875 0.89609375 0.025 0.03984375
1 0.05078125 0.5625 0.02578125 0.05390625
1 0.03515625 0.66328125 0.03515625 0.0375
1 0.15078125 0.62265625 0.02265625 0.05703125