1 0.3734375 0.9265625 0.41328125 0.14609375
0 0.8796875 0.41953125 0.06875 0.22890625
0 0.95859375 0.3375 0.0671875 0.15234375
0 0.8828125 0.18125 0.08125 0.1546875
0 0.778125 0.0984375 0.0625 0.11484375
0 0.75 0.60859375 0.0625 0.19140625
0 0.66640625 0.63828125 0.071875 0.12109375
0 0.67421875 0.428125 0.0484375 0.17109375
0 0.54765625 0.3890625 0.04375 0.1453125
0 0.5828125 0.24453125 0.05 0.1
0 0.53984375 0.62734375 0.0546875 0.13203125
0 0.49140625 0.78828125 0.053125 0.12890625
0 0.4 0.8109375 0.09921875 0.1078125
0 0.3046875 0.87734375 0.04921875 0.11015625
0 0.19375 0.890625 0.0625 0.14453125
0 0.025 0.8859375 0.04609375 0.171875
0 0.22421875 0.60859375 0.05234375 0.11328125
0 0.22421875 0.696875 0.08671875 0.121875
0 0.31640625 0.50078125 0.046875 0.15078125
0 0.271875 0.4765625 0.0375 0.1421875
0 0.3109375 0.2453125 0.0359375 0.134375
0 0.365625 0.24765625 0.0609375 0.1640625
0 0.45078125 0.12421875 0.05546875 0.14375
0 0.31171875 0.07421875 0.0375 0.1140625
0 0.184375 0.19375 0.09921875 0.15390625
0 0.23203125 0.05625 0.07890625 0.1125
0 0.103125 0.16953125 0.0453125 0.1125
0 0.1609375 0.33828125 0.07578125 0.06953125
0 0.1546875 0.40546875 0.04609375 0.11171875
0 0.221875 0.41796875 0.0421875 0.11796875
0 0.0140625 0.46015625 0.0265625 0.11640625
0 0.08125 0.51796875 0.07109375 0.125
0 0.115625 0.6328125 0.04609375 0.175
0 0.02421875 0.63515625 0.04296875 0.1328125
0 0.15859375 0.56796875 0.034375 0.11875
0 0.603125 0.03515625 0.06640625 0.0703125
0 0.26171875 0.18046875 0.04765625 0.11640625