2 0.365625 0.78046875 0.68125 0.4390625
1 0.16484375 0.7640625 0.084375 0.1921875
1 0.2390625 0.5203125 0.0921875 0.196875
1 0.42734375 0.31953125 0.0609375 0.15625
1 0.5640625 0.2234375 0.0875 0.1640625
1 0.46796875 0.16875 0.0640625 0.140625
1 0.7234375 0.0734375 0.08125 0.146875
1 0.159375 0.18984375 0.0640625 0.1578125
1 0.10234375 0.22578125 0.0734375 0.1859375
1 0.10546875 0.50703125 0.075 0.209375
1 0.065625 0.7078125 0.0703125 0.20625
1 0.103125 0.87109375 0.0625 0.1265625
1 0.01875 0.49765625 0.0375 0.1640625
1 0.00625 0.15625 0.0125 0.140625
1 0.02265625 0.15 0.0453125 0.146875
1 0.16796875 0.06953125 0.0671875 0.0625
1 0.4984375 0.53203125 0.0734375 0.1359375