2 0.35078125 0.91796875 0.4203125 0.1640625
1 0.88359375 0.43984375 0.08125 0.2328125
1 0.9640625 0.3609375 0.071875 0.15625
1 0.89921875 0.2015625 0.0890625 0.159375
1 0.7984375 0.11328125 0.06875 0.1171875
1 0.74375 0.621875 0.071875 0.19375
1 0.65859375 0.646875 0.078125 0.125
1 0.678125 0.4375 0.0578125 0.1734375
1 0.553125 0.39140625 0.0515625 0.146875
1 0.59609375 0.24921875 0.0546875 0.103125
1 0.5328125 0.62890625 0.0609375 0.134375
1 0.4765625 0.7875 0.059375 0.13125
1 0.38359375 0.80546875 0.1046875 0.1125
1 0.28515625 0.86640625 0.0546875 0.1125
1 0.1734375 0.87421875 0.0703125 0.146875
1 0.01640625 0.86015625 0.0328125 0.1734375
1 0.21875 0.59375 0.0578125 0.115625
1 0.2140625 0.68203125 0.09375 0.1265625
1 0.31640625 0.49140625 0.0546875 0.153125
1 0.2734375 0.46484375 0.0453125 0.14375
1 0.32421875 0.2359375 0.0421875 0.1359375
1 0.37890625 0.240625 0.06875 0.1671875
1 0.4703125 0.121875 0.0625 0.146875
1 0.334375 0.06484375 0.04375 0.115625
1 0.20078125 0.17734375 0.1078125 0.159375
1 0.2546875 0.05078125 0.084375 0.1015625
1 0.12109375 0.14921875 0.0515625 0.1140625
1 0.16953125 0.32109375 0.0796875 0.0734375
1 0.16015625 0.3875 0.0515625 0.1140625
1 0.2265625 0.40390625 0.0484375 0.1203125
1 0.0171875 0.43515625 0.0328125 0.1171875
1 0.08125 0.49609375 0.078125 0.128125
1 0.109375 0.6125 0.0546875 0.1765625
1 0.02109375 0.609375 0.0421875 0.134375
1 0.15546875 0.55 0.040625 0.1203125
1 0.62734375 0.04140625 0.0703125 0.0734375
1 0.27890625 0.16875 0.053125 0.11875