2 0.45859375 0.9703125 0.2140625 0.059375
1 0.46640625 0.46796875 0.0453125 0.0625
1 0.4296875 0.440625 0.0390625 0.0671875
1 0.32421875 0.26640625 0.04375 0.071875
1 0.25625 0.1328125 0.0390625 0.0859375
1 0.2375 0.17578125 0.034375 0.053125
1 0.1859375 0.18046875 0.0359375 0.059375
1 0.1609375 0.1296875 0.0359375 0.0703125
1 0.1296875 0.09765625 0.0328125 0.0546875
1 0.14609375 0.1875 0.0421875 0.0703125
1 0.16796875 0.2515625 0.034375 0.0515625
1 0.20390625 0.30625 0.034375 0.05
1 0.25234375 0.34140625 0.0296875 0.0484375
1 0.2859375 0.39296875 0.0484375 0.05
1 0.55078125 0.69765625 0.0484375 0.0765625
1 0.49375 0.64609375 0.034375 0.0609375
1 0.39609375 0.52890625 0.0375 0.0609375
1 0.371875 0.4140625 0.0546875 0.0921875
1 0.3703125 0.56171875 0.0375 0.0625
1 0.38984375 0.62265625 0.0328125 0.046875
1 0.43515625 0.740625 0.0484375 0.0578125
1 0.53984375 0.80625 0.0421875 0.065625
1 0.5703125 0.8703125 0.040625 0.0484375
1 0.66796875 0.940625 0.0453125 0.065625
1 0.62734375 0.953125 0.0375 0.0546875
1 0.325 0.88359375 0.0421875 0.0859375
1 0.38984375 0.81953125 0.0359375 0.071875
1 0.290625 0.71953125 0.03125 0.05625
1 0.2828125 0.62421875 0.0296875 0.0484375
1 0.2734375 0.571875 0.034375 0.0515625
1 0.31015625 0.56484375 0.0328125 0.0484375
1 0.3203125 0.61640625 0.0234375 0.0359375
1 0.35078125 0.6921875 0.03125 0.05
1 0.21796875 0.4609375 0.034375 0.0609375
1 0.2703125 0.45 0.034375 0.040625
1 0.1453125 0.46328125 0.034375 0.05625
1 0.13671875 0.33359375 0.0328125 0.05625
1 0.12578125 0.26015625 0.034375 0.05625
1 0.11171875 0.14453125 0.0421875 0.0734375
1 0.0671875 0.15859375 0.0328125 0.0515625
1 0.0765625 0.22890625 0.0390625 0.046875
1 0.05859375 0.2578125 0.0375 0.0640625
1 0.01640625 0.15390625 0.0328125 0.0453125
1 0.01875 0.23984375 0.0375 0.0546875
1 0.06640625 0.37890625 0.034375 0.05
1 0.03671875 0.325 0.028125 0.046875
1 0.0140625 0.4640625 0.028125 0.059375
1 0.0359375 0.4921875 0.0390625 0.053125
1 0.1640625 0.59375 0.0328125 0.0515625
1 0.1 0.52578125 0.025 0.05625
1 0.115625 0.51015625 0.0328125 0.0609375
1 0.08828125 0.646875 0.028125 0.0453125
1 0.1359375 0.8203125 0.0390625 0.0921875
1 0.2671875 0.86015625 0.034375 0.0703125
1 0.26171875 0.7609375 0.028125 0.046875
1 0.23125 0.6359375 0.034375 0.0515625
1 0.18515625 0.4421875 0.034375 0.05
1 0.1984375 0.3546875 0.0359375 0.0515625
1 0.196875 0.76796875 0.05 0.0671875
1 0.2421875 0.92890625 0.0421875 0.065625
1 0.20390625 0.9265625 0.04375 0.0984375
1 0.159375 0.98203125 0.04375 0.0359375
1 0.103125 0.8796875 0.040625 0.0859375
1 0.071875 0.7921875 0.0375 0.0609375
1 0.0734375 0.725 0.0375 0.0640625
1 0.0703125 0.5953125 0.059375 0.0546875
1 0.24453125 0.98125 0.0328125 0.0375
1 0.37265625 0.8640625 0.0296875 0.0546875
1 0.334375 0.77265625 0.0390625 0.053125
1 0.47734375 0.75234375 0.040625 0.0640625
1 0.475 0.9203125 0.0375 0.046875
1 0.60859375 0.81015625 0.0421875 0.0640625