2 0.26171875 0.79296875 0.5234375 0.4140625
1 0.953125 0.3046875 0.09375 0.225
1 0.77734375 0.4578125 0.09375 0.1765625
1 0.7296875 0.26484375 0.075 0.1609375
1 0.69921875 0.10625 0.0609375 0.1015625
1 0.60703125 0.20390625 0.0828125 0.146875
1 0.6078125 0.50078125 0.0890625 0.14375
1 0.53359375 0.41015625 0.0640625 0.115625
1 0.4328125 0.56171875 0.0765625 0.1453125
1 0.24296875 0.596875 0.1203125 0.1609375
1 0.353125 0.18671875 0.078125 0.1234375
1 0.42421875 0.06015625 0.0828125 0.1203125
1 0.4109375 0.0109375 0.05625 0.021875
1 0.3109375 0.096875 0.071875 0.0953125
1 0.31875 0.16796875 0.05625 0.10625
1 0.21796875 0.3109375 0.1296875 0.1875
1 0.24296875 0.05078125 0.1265625 0.1015625
1 0.16640625 0.2109375 0.06875 0.1375
1 0.128125 0.21484375 0.071875 0.1671875
1 0.115625 0.13671875 0.0921875 0.1671875
1 0.1078125 0.5671875 0.0859375 0.15625
1 0.05859375 0.64921875 0.0625 0.075
1 0.05546875 0.7484375 0.0515625 0.0859375