2 0.384375 0.9703125 0.23125 0.059375
1 0.3359375 0.23828125 0.0328125 0.0671875
1 0.32109375 0.18828125 0.0390625 0.0484375
1 0.3640625 0.3484375 0.0265625 0.05625
1 0.3859375 0.375 0.021875 0.0453125
1 0.4234375 0.421875 0.025 0.05625
1 0.4484375 0.4265625 0.0296875 0.040625
1 0.390625 0.47734375 0.028125 0.0734375
1 0.35234375 0.46953125 0.05 0.0625
1 0.2796875 0.08125 0.0265625 0.06875
1 0.24375 0.11171875 0.0390625 0.075
1 0.20546875 0.14296875 0.028125 0.0453125
1 0.25703125 0.2921875 0.0171875 0.0484375
1 0.28984375 0.34609375 0.0265625 0.0375
1 0.271875 0.4359375 0.025 0.0421875
1 0.2953125 0.5078125 0.0328125 0.0640625
1 0.38828125 0.6015625 0.0359375 0.0484375
1 0.465625 0.61328125 0.0328125 0.053125
1 0.51328125 0.6515625 0.0359375 0.0421875
1 0.503125 0.71328125 0.03125 0.0421875
1 0.5703125 0.77421875 0.0390625 0.05
1 0.61015625 0.91796875 0.0359375 0.040625
1 0.56875 0.91015625 0.0296875 0.040625
1 0.5890625 0.9765625 0.03125 0.0390625
1 0.55 0.95546875 0.025 0.0515625
1 0.50625 0.83203125 0.0453125 0.0421875
1 0.4890625 0.78046875 0.0375 0.040625
1 0.4375 0.709375 0.0328125 0.0296875
1 0.38671875 0.7015625 0.03125 0.034375
1 0.3984375 0.78671875 0.0515625 0.0421875
1 0.33125 0.76796875 0.0390625 0.0625
1 0.303125 0.65625 0.025 0.0578125
1 0.25078125 0.52578125 0.025 0.0296875
1 0.20625 0.58984375 0.0265625 0.040625
1 0.24921875 0.58359375 0.028125 0.0453125
1 0.28125 0.603125 0.021875 0.0359375
1 0.27578125 0.67109375 0.0265625 0.0390625
1 0.24296875 0.66171875 0.0296875 0.0421875
1 0.24921875 0.7109375 0.0265625 0.034375
1 0.24453125 0.76640625 0.021875 0.03125
1 0.2140625 0.709375 0.0296875 0.046875
1 0.20390625 0.8046875 0.025 0.0609375
1 0.4671875 0.90078125 0.0390625 0.0546875
1 0.31484375 0.83359375 0.0328125 0.0484375
1 0.20703125 0.25234375 0.028125 0.0453125
1 0.23125 0.32578125 0.0203125 0.0453125
1 0.1984375 0.421875 0.028125 0.0484375
1 0.17421875 0.39765625 0.021875 0.04375
1 0.20078125 0.31171875 0.0234375 0.0578125
1 0.1609375 0.246875 0.025 0.0421875
1 0.16953125 0.17421875 0.0265625 0.0421875
1 0.1734375 0.5171875 0.028125 0.0390625
1 0.1296875 0.5515625 0.040625 0.046875
1 0.15390625 0.61328125 0.0265625 0.05
1 0.11796875 0.646875 0.0328125 0.05625
1 0.16015625 0.71640625 0.0375 0.05625
1 0.08671875 0.70703125 0.0265625 0.0375
1 0.0703125 0.47109375 0.0234375 0.0578125
1 0.12890625 0.346875 0.0546875 0.053125
1 0.11328125 0.234375 0.0234375 0.0640625
1 0.07890625 0.1 0.0265625 0.05625
1 0.0875 0.1546875 0.034375 0.040625
1 0.06015625 0.1921875 0.0296875 0.05625
1 0.021875 0.08046875 0.0375 0.059375
1 0.02109375 0.178125 0.025 0.0734375
1 0.01484375 0.28046875 0.0265625 0.0578125
1 0.04609375 0.27421875 0.034375 0.0390625
1 0.0625 0.334375 0.0390625 0.053125
1 0.01640625 0.440625 0.0328125 0.046875
1 0.0375 0.54765625 0.040625 0.053125
1 0.06875 0.75078125 0.0203125 0.090625
1 0.09453125 0.8046875 0.0390625 0.0765625
1 0.1078125 0.990625 0.025 0.01875
1 0.19140625 0.88828125 0.0359375 0.078125