2 0.38125 0.9125 0.3875 0.175
1 0.65703125 0.04296875 0.03984375 0.08515625
1 0.80625 0.025 0.03359375 0.05
1 0.40859375 0.2125 0.03515625 0.075
1 0.51796875 0.0375 0.01953125 0.07265625
1 0.46640625 0.096875 0.01484375 0.0953125
1 0.48359375 0.021875 0.0171875 0.04375
1 0.4921875 0.09921875 0.01796875 0.071875
1 0.46015625 0.01875 0.01171875 0.03671875
1 0.43046875 0.1140625 0.01953125 0.05703125
1 0.43203125 0.02421875 0.0171875 0.0484375
1 0.39921875 0.08515625 0.02109375 0.06328125
1 0.36875 0.04375 0.0171875 0.071875
1 0.33984375 0.053125 0.01328125 0.05703125
1 0.3171875 0.053125 0.01796875 0.090625
1 0.13984375 0.06640625 0.0203125 0.0859375
1 0.0484375 0.090625 0.02421875 0.096875
1 0.08125 0.03671875 0.028125 0.0734375
1 0.25234375 0.053125 0.02265625 0.10546875
1 0.21875 0.0484375 0.0234375 0.09609375
1 0.31328125 0.13203125 0.03125 0.0625