2 0.35078125 0.90703125 0.3765625 0.1859375
1 0.0953125 0.1765625 0.0265625 0.1
1 0.3484375 0.30859375 0.0171875 0.0796875
1 0.38125 0.27265625 0.0265625 0.0546875
1 0.46640625 0.1984375 0.0234375 0.078125
1 0.7359375 0.11875 0.0234375 0.0765625
1 0.75078125 0.053125 0.0296875 0.0640625
1 0.84765625 0.05390625 0.021875 0.0515625
1 0.1046875 0.0796875 0.03125 0.0515625
1 0.171875 0.1265625 0.025 0.05625
1 0.18828125 0.153125 0.0203125 0.065625
1 0.246875 0.12421875 0.0203125 0.075
1 0.21171875 0.121875 0.01875 0.0609375
1 0.24453125 0.02265625 0.01875 0.0421875
1 0.36328125 0.071875 0.0203125 0.071875
1 0.31171875 0.134375 0.01875 0.0609375
1 0.4734375 0.109375 0.0140625 0.0578125
1 0.0671875 0.05234375 0.015625 0.0671875
1 0.5234375 0.08828125 0.01875 0.0578125
1 0.33984375 0.1953125 0.0171875 0.071875
1 0.703125 0.0546875 0.021875 0.0734375
1 0.6671875 0.0875 0.01875 0.0671875
1 0.6484375 0.046875 0.025 0.084375
1 0.5953125 0.0359375 0.0203125 0.065625
1 0.59453125 0.12890625 0.0203125 0.078125
1 0.46953125 0.04609375 0.025 0.0703125
1 0.43359375 0.09609375 0.0203125 0.0609375
1 0.4390625 0.02421875 0.015625 0.0484375
1 0.41875 0.03125 0.015625 0.0625
1 0.4 0.10625 0.021875 0.0734375
1 0.3640625 0.20546875 0.0171875 0.0640625
1 0.3359375 0.09765625 0.025 0.06875
1 0.27265625 0.1328125 0.0265625 0.075
1 0.26640625 0.22421875 0.034375 0.059375
1 0.20859375 0.053125 0.025 0.053125
1 0.1578125 0.06015625 0.0328125 0.0578125
1 0.41796875 0.1953125 0.0375 0.0671875