2 0.453125 0.9 0.45 0.2
1 0.32890625 0.30546875 0.0484375 0.078125
1 0.5171875 0.046875 0.046875 0.09375
1 0.64375 0.021875 0.0375 0.04375
1 0.6640625 0.0171875 0.040625 0.034375
1 0.40390625 0.13671875 0.040625 0.0953125
1 0.35546875 0.06328125 0.0453125 0.0875
1 0.35859375 0.18046875 0.0375 0.096875
1 0.2921875 0.18046875 0.0390625 0.0875
1 0.3140625 0.06484375 0.0390625 0.071875
1 0.25390625 0.09140625 0.0375 0.0671875
1 0.25234375 0.153125 0.0359375 0.08125
1 0.23203125 0.16796875 0.0328125 0.06875
1 0.04375 0.2265625 0.0390625 0.0828125
1 0.203125 0.103125 0.0453125 0.0765625
1 0.18515625 0.13671875 0.040625 0.10625
1 0.15625 0.1359375 0.0359375 0.096875
1 0.1328125 0.12734375 0.040625 0.078125
1 0.1046875 0.165625 0.04375 0.1125
1 0.2234375 0.25 0.0484375 0.1046875
1 0.4375 0.0375 0.0421875 0.075
1 0.57734375 0.015625 0.0328125 0.03125
1 0.5546875 0.01640625 0.03125 0.0328125