1 0.36484375 0.9125 0.3703125 0.175
0 0.084375 0.190625 0.0234375 0.1
0 0.3421875 0.3140625 0.0140625 0.0796875
0 0.3734375 0.2765625 0.02421875 0.05390625
0 0.45625 0.2 0.0203125 0.07734375
0 0.72265625 0.1109375 0.0203125 0.0765625
0 0.73515625 0.04453125 0.02734375 0.06328125
0 0.83203125 0.0421875 0.0203125 0.0515625
0 0.090625 0.09375 0.02890625 0.05
0 0.159375 0.13828125 0.0234375 0.0546875
0 0.1765625 0.1640625 0.01796875 0.065625
0 0.23359375 0.13359375 0.01796875 0.075
0 0.1984375 0.13203125 0.0171875 0.0609375
0 0.228125 0.03203125 0.01796875 0.04140625
0 0.3484375 0.0765625 0.01796875 0.071875
0 0.29921875 0.14140625 0.0171875 0.0609375
0 0.46015625 0.11015625 0.01171875 0.05703125
0 0.0515625 0.06796875 0.01328125 0.06640625
0 0.509375 0.0875 0.0171875 0.05703125
0 0.3296875 0.20078125 0.0140625 0.071875
0 0.6875 0.04765625 0.01875 0.07265625
0 0.65234375 0.08203125 0.0171875 0.0671875
0 0.6328125 0.0421875 0.02265625 0.084375
0 0.57890625 0.0328125 0.01875 0.065625
0 0.58125 0.12578125 0.0171875 0.07734375
0 0.45390625 0.04765625 0.02265625 0.06953125
0 0.41953125 0.0984375 0.01796875 0.06015625
0 0.42265625 0.02578125 0.0140625 0.0515625
0 0.403125 0.0328125 0.01328125 0.065625
0 0.3859375 0.11015625 0.01953125 0.07265625
0 0.35390625 0.21015625 0.01484375 0.0640625
0 0.321875 0.10390625 0.021875 0.06796875
0 0.26015625 0.140625 0.02421875 0.07421875
0 0.25703125 0.2328125 0.0328125 0.0578125
0 0.19296875 0.06328125 0.0234375 0.05234375
0 0.14296875 0.07265625 0.03046875 0.05625
0 0.40703125 0.1984375 0.03515625 0.06640625