2 0.43125 0.90703125 0.40625 0.1859375
1 0.6 0.0359375 0.05 0.071875
1 0.74609375 0.00859375 0.0390625 0.0171875
1 0.37421875 0.22578125 0.04375 0.078125
1 0.46171875 0.0390625 0.028125 0.075
1 0.4171875 0.10390625 0.0265625 0.096875
1 0.42578125 0.02734375 0.021875 0.0453125
1 0.44375 0.103125 0.0265625 0.0734375
1 0.4015625 0.02734375 0.015625 0.0375
1 0.38359375 0.12578125 0.0265625 0.059375
1 0.37421875 0.0359375 0.0234375 0.05
1 0.34921875 0.10078125 0.028125 0.065625
1 0.3140625 0.06328125 0.0265625 0.0734375
1 0.28671875 0.07578125 0.0203125 0.0578125
1 0.2640625 0.07890625 0.028125 0.0921875
1 0.08984375 0.11328125 0.03125 0.0875
1 0.009375 0.14765625 0.01875 0.0984375
1 0.028125 0.09140625 0.0375 0.0765625
1 0.2 0.08671875 0.0359375 0.1078125
1 0.165625 0.0859375 0.034375 0.0984375
1 0.26953125 0.1578125 0.0390625 0.065625