2 0.3078125 0.88984375 0.440625 0.2203125
1 0.40625 0.25859375 0.040625 0.0765625
1 0.67265625 0.07734375 0.0359375 0.0984375
1 0.8046875 0.0859375 0.03125 0.075
1 0.8265625 0.08359375 0.0328125 0.075
1 0.534375 0.12578125 0.03125 0.0953125
1 0.51328125 0.0421875 0.0359375 0.084375
1 0.4765625 0.1515625 0.028125 0.096875
1 0.4140625 0.12890625 0.03125 0.0875
1 0.4734375 0.03125 0.03125 0.0625
1 0.4078125 0.03203125 0.03125 0.0640625
1 0.3859375 0.0890625 0.028125 0.08125
1 0.36171875 0.096875 0.0265625 0.06875
1 0.16484375 0.0875 0.03125 0.0828125
1 0.35625 0.03125 0.0375 0.0625
1 0.32734375 0.0515625 0.0296875 0.103125
1 0.30078125 0.04453125 0.0265625 0.0890625
1 0.28203125 0.03046875 0.0328125 0.0609375
1 0.24296875 0.053125 0.0328125 0.10625
1 0.1125 0.0296875 0.0375 0.059375
1 0.32578125 0.17109375 0.0390625 0.103125
1 0.59921875 0.04375 0.034375 0.0734375
1 0.74296875 0.05703125 0.028125 0.0625
1 0.721875 0.05234375 0.025 0.059375