2 0.33125 0.8921875 0.40625 0.215625
1 0.71171875 0.065625 0.05 0.0890625
1 0.86171875 0.065625 0.0390625 0.053125
1 0.44453125 0.203125 0.04375 0.078125
1 0.57421875 0.04296875 0.028125 0.075
1 0.515625 0.09609375 0.0265625 0.096875
1 0.5421875 0.0234375 0.021875 0.0453125
1 0.54140625 0.1015625 0.0265625 0.0734375
1 0.51875 0.01796875 0.015625 0.0359375
1 0.478125 0.10859375 0.0265625 0.059375
1 0.48984375 0.021875 0.0234375 0.04375
1 0.45078125 0.07578125 0.028125 0.065625
1 0.42421875 0.03359375 0.0265625 0.0671875
1 0.3953125 0.03671875 0.0203125 0.0578125
1 0.371875 0.03984375 0.028125 0.0796875
1 0.1953125 0.034375 0.03125 0.06875
1 0.10078125 0.04375 0.0359375 0.0875
1 0.140625 0.01328125 0.0375 0.0265625
1 0.30859375 0.03984375 0.0359375 0.0796875
1 0.275 0.0328125 0.034375 0.065625
1 0.359375 0.11171875 0.0390625 0.065625