2 0.37890625 0.91171875 0.3765625 0.1765625
1 0.07421875 0.20546875 0.0265625 0.1
1 0.3359375 0.31953125 0.0171875 0.0796875
1 0.365625 0.28125 0.0265625 0.0546875
1 0.44609375 0.2015625 0.0234375 0.078125
1 0.70859375 0.103125 0.0234375 0.0765625
1 0.71875 0.03671875 0.0296875 0.0640625
1 0.815625 0.03125 0.021875 0.0515625
1 0.0765625 0.10859375 0.03125 0.0515625
1 0.146875 0.15 0.025 0.05625
1 0.16484375 0.17578125 0.0203125 0.065625
1 0.22109375 0.14296875 0.0203125 0.075
1 0.1859375 0.14296875 0.01875 0.0609375
1 0.21171875 0.0421875 0.01875 0.0421875
1 0.33359375 0.08203125 0.0203125 0.071875
1 0.28671875 0.1484375 0.01875 0.0609375
1 0.446875 0.11171875 0.0140625 0.0578125
1 0.03671875 0.08359375 0.015625 0.0671875
1 0.4953125 0.0875 0.01875 0.0578125
1 0.31953125 0.20703125 0.0171875 0.071875
1 0.671875 0.04140625 0.021875 0.0734375
1 0.6375 0.07734375 0.01875 0.0671875
1 0.615625 0.03984375 0.025 0.0796875
1 0.56171875 0.03125 0.0203125 0.0625
1 0.56796875 0.1234375 0.0203125 0.078125
1 0.43828125 0.04921875 0.025 0.0703125
1 0.40546875 0.1015625 0.0203125 0.0609375
1 0.40625 0.02890625 0.015625 0.0515625
1 0.38671875 0.03671875 0.015625 0.065625
1 0.37265625 0.1140625 0.021875 0.0734375
1 0.34375 0.215625 0.0171875 0.0640625
1 0.3078125 0.11015625 0.025 0.06875
1 0.24765625 0.14921875 0.0265625 0.075
1 0.24765625 0.24140625 0.034375 0.059375
1 0.178125 0.07421875 0.025 0.053125
1 0.128125 0.08515625 0.0328125 0.0578125
1 0.396875 0.2015625 0.0375 0.0671875