2 0.2578125 0.7375 0.515625 0.515625
1 0.63125 0.246875 0.090625 0.1453125
1 0.78125 0.11796875 0.0453125 0.084375
1 0.82265625 0.203125 0.0515625 0.103125
1 0.8421875 0.34296875 0.065625 0.13125
1 0.83125 0.76484375 0.06875 0.1453125
1 0.89296875 0.584375 0.0671875 0.121875
1 0.88046875 0.2359375 0.0609375 0.1125
1 0.98203125 0.18203125 0.0359375 0.1203125
1 0.94921875 0.4234375 0.0578125 0.1234375
1 0.98046875 0.409375 0.0390625 0.140625
1 0.98125 0.54375 0.0375 0.125
1 0.94453125 0.30078125 0.040625 0.084375
1 0.978125 0.31328125 0.04375 0.0953125
1 0.8921875 0.14296875 0.0484375 0.075
1 0.946875 0.1484375 0.0515625 0.0921875
1 0.78984375 0.671875 0.0546875 0.1203125
1 0.81796875 0.68359375 0.0453125 0.115625
1 0.9359375 0.78203125 0.040625 0.1
1 0.90625 0.42421875 0.05625 0.121875