2 0.6265625 0.7046875 0.746875 0.590625
1 0.371875 0.50625 0.0640625 0.1453125
1 0.37578125 0.353125 0.046875 0.1359375
1 0.271875 0.32890625 0.059375 0.1375
1 0.6609375 0.3078125 0.0609375 0.1265625
1 0.8328125 0.1953125 0.0546875 0.103125
1 0.8859375 0.12578125 0.059375 0.1015625
1 0.9171875 0.14375 0.0390625 0.084375
1 0.87734375 0.0359375 0.0828125 0.071875
1 0.71328125 0.2671875 0.0546875 0.14375
1 0.63203125 0.15703125 0.0484375 0.125
1 0.53515625 0.24765625 0.0609375 0.165625
1 0.5296875 0.3515625 0.0625 0.1421875
1 0.46796875 0.34921875 0.05 0.10625
1 0.471875 0.2703125 0.065625 0.13125
1 0.38828125 0.221875 0.05625 0.1296875
1 0.0796875 0.12890625 0.0625 0.165625
1 0.178125 0.21875 0.0484375 0.146875
1 0.21015625 0.1953125 0.0484375 0.1453125
1 0.25234375 0.08515625 0.0515625 0.11875
1 0.3 0.0890625 0.0390625 0.11875
1 0.34296875 0.0671875 0.0390625 0.1046875
1 0.43359375 0.12109375 0.0609375 0.134375
1 0.4765625 0.0609375 0.059375 0.121875
1 0.615625 0.04453125 0.05 0.0890625
1 0.6484375 0.05 0.046875 0.1
1 0.7 0.04296875 0.071875 0.0859375
1 0.8046875 0.01953125 0.046875 0.0390625
1 0.32578125 0.28515625 0.0734375 0.1375
1 0.165625 0.08203125 0.040625 0.0921875
1 0.209375 0.0734375 0.0421875 0.0859375