2 0.609375 0.6609375 0.78125 0.678125
1 0.2140625 0.45625 0.103125 0.09375
1 0.26015625 0.234375 0.04375 0.159375
1 0.4453125 0.19609375 0.0453125 0.1625
1 0.6078125 0.14296875 0.03125 0.134375
1 0.790625 0.059375 0.0625 0.1078125
1 0.678125 0.09609375 0.05 0.165625
1 0.6359375 0.0828125 0.046875 0.08125
1 0.51953125 0.0578125 0.059375 0.115625
1 0.48125 0.096875 0.028125 0.10625
1 0.3796875 0.13671875 0.046875 0.1109375
1 0.384375 0.22578125 0.06875 0.10625
1 0.3078125 0.07109375 0.0390625 0.1046875
1 0.09921875 0.034375 0.040625 0.06875
1 0.10625 0.09140625 0.034375 0.0609375
1 0.14296875 0.1109375 0.053125 0.159375
1 0.18984375 0.12109375 0.025 0.1203125
1 0.2203125 0.08359375 0.04375 0.115625
1 0.25546875 0.10703125 0.065625 0.1328125
0 0.84609375 0.3734375 0.075 0.0734375
0 0.93828125 0.43359375 0.06875 0.0640625
0 0.95078125 0.5390625 0.078125 0.053125
0 0.959375 0.675 0.065625 0.071875
0 0.78984375 0.44296875 0.05625 0.065625
0 0.84765625 0.553125 0.084375 0.09375
1 0.89765625 0.02265625 0.03125 0.0390625