2 0.38125 0.9375 0.278125 0.125
1 0.5578125 0.49375 0.0546875 0.1296875
1 0.71171875 0.38984375 0.0453125 0.1234375
1 0.77421875 0.8890625 0.0390625 0.134375
1 0.73515625 0.81796875 0.0484375 0.1375
1 0.840625 0.93046875 0.03125 0.09375
1 0.6640625 0.23984375 0.0453125 0.146875
1 0.6828125 0.1328125 0.05625 0.13125
1 0.7265625 0.19609375 0.03125 0.0875
1 0.7921875 0.2078125 0.028125 0.084375
1 0.89921875 0.19765625 0.0359375 0.1140625
1 0.88828125 0.33828125 0.05 0.1109375
1 0.92578125 0.39921875 0.0453125 0.109375
1 0.94296875 0.959375 0.0265625 0.08125
1 0.87421875 0.97265625 0.0390625 0.0546875
1 0.78515625 0.69140625 0.028125 0.0890625
1 0.74140625 0.5265625 0.03125 0.09375
1 0.765625 0.31015625 0.0265625 0.0984375
1 0.75234375 0.20625 0.0296875 0.071875
1 0.821875 0.07265625 0.0390625 0.075
1 0.9359375 0.2734375 0.04375 0.09375
1 0.7625 0.40078125 0.0265625 0.0953125
1 0.803125 0.4078125 0.0328125 0.1140625
1 0.775 0.078125 0.05 0.05625
1 0.71640625 0.08515625 0.034375 0.0921875
1 0.9171875 0.090625 0.0375 0.071875
1 0.95078125 0.80078125 0.04375 0.0640625
1 0.90625 0.81328125 0.0359375 0.1
1 0.83984375 0.5609375 0.0359375 0.1296875
1 0.86171875 0.44375 0.028125 0.0859375
1 0.91640625 0.49296875 0.0296875 0.075
1 0.94453125 0.54375 0.0375 0.103125
1 0.965625 0.70234375 0.028125 0.0953125
1 0.81015625 0.66875 0.03125 0.0953125
1 0.775 0.46484375 0.0296875 0.109375
1 0.7875 0.3453125 0.025 0.09375
1 0.8265625 0.18203125 0.0296875 0.071875
1 0.95 0.0953125 0.0453125 0.103125
1 0.98359375 0.13203125 0.0328125 0.1046875
1 0.9765625 0.27265625 0.040625 0.0953125
1 0.9796875 0.46015625 0.0390625 0.121875
1 0.89375 0.65859375 0.0390625 0.128125
1 0.8734375 0.896875 0.0328125 0.0875