2 0.3609375 0.79375 0.615625 0.4125
1 0.4921875 0.21484375 0.0921875 0.1453125
1 0.56015625 0.03515625 0.0453125 0.0703125
1 0.63828125 0.08359375 0.053125 0.103125
1 0.72265625 0.196875 0.0671875 0.13125
1 0.91796875 0.57109375 0.0703125 0.1453125
1 0.884375 0.38359375 0.06875 0.121875
1 0.7046875 0.084375 0.0625 0.1125
1 0.78984375 0.01875 0.0859375 0.0375
1 0.85546875 0.215625 0.059375 0.1234375
1 0.88359375 0.18359375 0.0578125 0.140625
1 0.95 0.30078125 0.0578125 0.125
1 0.7921875 0.11015625 0.0421875 0.084375
1 0.83515625 0.10078125 0.0625 0.0953125
1 0.6703125 0.0171875 0.05 0.034375
1 0.7203125 0.0109375 0.053125 0.021875
1 0.853125 0.03203125 0.0625 0.0640625
1 0.83671875 0.51015625 0.05625 0.11875
1 0.8671875 0.50703125 0.046875 0.115625
1 0.81875 0.23671875 0.059375 0.121875