2 0.62734375 0.73515625 0.74453125 0.5296875
1 0.371875 0.490625 0.04765625 0.13984375
1 0.39453125 0.3390625 0.03046875 0.13359375
1 0.29453125 0.30234375 0.04296875 0.13359375
1 0.6828125 0.32890625 0.046875 0.121875
1 0.8671875 0.23828125 0.0421875 0.09921875
1 0.92890625 0.17578125 0.04765625 0.09609375
1 0.9578125 0.19765625 0.0296875 0.08203125
1 0.93359375 0.065625 0.0703125 0.10546875
1 0.73984375 0.29453125 0.03828125 0.140625
1 0.67265625 0.17578125 0.03359375 0.12109375
1 0.565625 0.25390625 0.04140625 0.1625
1 0.54765625 0.35625 0.0453125 0.13828125
1 0.48671875 0.34609375 0.03828125 0.103125
1 0.5 0.26875 0.05 0.12578125
1 0.42265625 0.21015625 0.040625 0.125
1 0.02109375 0.0578125 0.0421875 0.115625
1 0.128125 0.08046875 0.04296875 0.1609375
1 0.21484375 0.18125 0.03046875 0.14375
1 0.24921875 0.1625 0.03125 0.14296875
1 0.3046875 0.0578125 0.03828125 0.11484375
1 0.3515625 0.06796875 0.02421875 0.1171875
1 0.396875 0.0515625 0.02734375 0.10234375
1 0.48046875 0.115625 0.0453125 0.13046875
1 0.53125 0.06015625 0.04453125 0.1203125
1 0.67109375 0.053125 0.03828125 0.10234375
1 0.70234375 0.0671875 0.03359375 0.10546875
1 0.75703125 0.05703125 0.05859375 0.1078125
1 0.8640625 0.0390625 0.03828125 0.078125
1 0.353125 0.265625 0.05859375 0.13125
1 0.21875 0.04453125 0.0296875 0.0890625
1 0.26328125 0.04140625 0.0328125 0.08203125