2 0.428125 0.95 0.26875 0.1
1 0.55703125 0.4875 0.04140625 0.1265625
1 0.69921875 0.36796875 0.03359375 0.12109375
1 0.81328125 0.85859375 0.02578125 0.13203125
1 0.7671875 0.79140625 0.034375 0.134375
1 0.88359375 0.8921875 0.021875 0.09140625
1 0.6359375 0.22421875 0.0296875 0.14453125
1 0.64375 0.115625 0.04375 0.12734375
1 0.69375 0.17421875 0.02265625 0.08515625
1 0.76015625 0.17890625 0.01875 0.08359375
1 0.865625 0.1578125 0.025 0.11171875
1 0.86953125 0.2984375 0.0390625 0.1078125
1 0.91328125 0.35546875 0.03515625 0.10625
1 0.99140625 0.9265625 0.015625 0.1125
1 0.92421875 0.95234375 0.0296875 0.0953125
1 0.80390625 0.66015625 0.01953125 0.08671875
1 0.74296875 0.5015625 0.02109375 0.0921875
1 0.74453125 0.28359375 0.01640625 0.096875
1 0.7203125 0.18125 0.02265625 0.06953125
1 0.77578125 0.04140625 0.03125 0.07265625
1 0.91015625 0.22890625 0.03515625 0.090625
1 0.75078125 0.37421875 0.0171875 0.09375
1 0.7921875 0.3765625 0.021875 0.1125
1 0.7296875 0.0515625 0.0453125 0.0515625
1 0.671875 0.06484375 0.02578125 0.08984375
1 0.871875 0.04921875 0.0296875 0.06953125
1 0.9796875 0.75234375 0.03828125 0.0609375
1 0.93671875 0.76875 0.0265625 0.09765625
1 0.84453125 0.525 0.0234375 0.12734375
1 0.85390625 0.40625 0.01953125 0.08359375
1 0.91328125 0.44921875 0.02265625 0.07265625
1 0.946875 0.496875 0.0265625 0.10078125
1 0.984375 0.65234375 0.01796875 0.09453125
1 0.82578125 0.63515625 0.02109375 0.09296875
1 0.76953125 0.4359375 0.01875 0.1078125
1 0.76953125 0.31640625 0.015625 0.0921875
1 0.79140625 0.15 0.02265625 0.0703125
1 0.90546875 0.05078125 0.034375 0.10078125
1 0.9484375 0.0828125 0.034375 0.10234375
1 0.95 0.22421875 0.03125 0.09296875
1 0.97265625 0.41015625 0.02734375 0.1203125
1 0.9078125 0.61640625 0.02578125 0.12578125
1 0.9125 0.85546875 0.02421875 0.08515625