2 0.609375 0.759375 0.765625 0.48125
1 0.4921875 0.3125 0.1078125 0.3234375
1 0.275 0.21484375 0.084375 0.1625
1 0.3875 0.11328125 0.0578125 0.2203125
1 0.30859375 0.08828125 0.0515625 0.1328125
1 0.140625 0.1828125 0.065625 0.14375
1 0.22109375 0.04765625 0.0796875 0.0953125
1 0.1109375 0.075 0.053125 0.15
1 0.07734375 0.084375 0.04375 0.1625
1 0.4484375 0.03828125 0.05625 0.0765625
1 0.61328125 0.0640625 0.05625 0.1125
1 0.703125 0.08046875 0.0375 0.125
1 0.6625 0.06328125 0.0484375 0.1
1 0.7875 0.06640625 0.040625 0.0796875
1 0.54453125 0.03125 0.046875 0.0625
0 0.84921875 0.45234375 0.1421875 0.178125
0 0.37265625 0.634375 0.1015625 0.159375