2 0.60625 0.72421875 0.7875 0.5515625
1 0.3734375 0.4796875 0.059375 0.14375
1 0.40859375 0.33046875 0.0421875 0.1359375
1 0.3125 0.28515625 0.0546875 0.1375
1 0.696875 0.3453125 0.0578125 0.125
1 0.88828125 0.27109375 0.05 0.103125
1 0.95546875 0.2140625 0.05625 0.1
1 0.98125 0.2390625 0.0375 0.084375
1 0.96484375 0.10390625 0.0703125 0.1109375
1 0.75703125 0.31640625 0.05 0.14375
1 0.7 0.1921875 0.04375 0.1234375
1 0.58671875 0.2609375 0.0546875 0.165625
1 0.56015625 0.3609375 0.0578125 0.1421875
1 0.5 0.3453125 0.046875 0.10625
1 0.5203125 0.26953125 0.0609375 0.1296875
1 0.4484375 0.2046875 0.0515625 0.128125
1 0.06171875 0.03828125 0.0515625 0.0765625
1 0.165625 0.065625 0.05625 0.13125
1 0.24375 0.1578125 0.0421875 0.1453125
1 0.2796875 0.1421875 0.04375 0.1453125
1 0.34296875 0.05 0.0484375 0.1
1 0.3890625 0.0578125 0.034375 0.115625
1 0.43671875 0.0484375 0.0359375 0.096875
1 0.5140625 0.115625 0.05625 0.134375
1 0.56953125 0.06484375 0.0546875 0.1234375
1 0.709375 0.06953125 0.046875 0.1046875
1 0.7390625 0.08671875 0.0421875 0.1078125
1 0.79453125 0.08125 0.0671875 0.1125
1 0.903125 0.07265625 0.0453125 0.08125
1 0.37421875 0.25390625 0.0703125 0.1359375
1 0.259375 0.03359375 0.0375 0.0671875
1 0.30390625 0.03203125 0.0390625 0.0640625