1 0.6390625 0.77109375 0.721875 0.4578125
0 0.47265625 0.3140625 0.075 0.3171875
0 0.24609375 0.23984375 0.06796875 0.15703125
0 0.34765625 0.12734375 0.0359375 0.2171875
0 0.26640625 0.1109375 0.0375 0.1296875
0 0.109375 0.221875 0.05078125 0.1390625
0 0.17421875 0.0625 0.0671875 0.125
0 0.06640625 0.1 0.03359375 0.184375
0 0.0359375 0.13046875 0.0265625 0.1609375
0 0.4 0.04140625 0.04765625 0.0828125
0 0.5671875 0.0546875 0.04453125 0.10859375
0 0.6578125 0.06171875 0.025 0.1234375
0 0.615625 0.0484375 0.0390625 0.096875
0 0.740625 0.0390625 0.03203125 0.07734375
0 0.4953125 0.02890625 0.040625 0.0578125