2 0.63984375 0.7625 0.7203125 0.475
1 0.46640625 0.31484375 0.0859375 0.3203125
1 0.2375 0.24921875 0.0734375 0.159375
1 0.334375 0.1328125 0.04375 0.21875
1 0.253125 0.11953125 0.0421875 0.13125
1 0.1 0.2359375 0.05625 0.140625
1 0.159375 0.07421875 0.071875 0.1265625
1 0.05234375 0.115625 0.040625 0.1859375
1 0.0234375 0.146875 0.0328125 0.1625
1 0.384375 0.0453125 0.05 0.084375
1 0.55078125 0.053125 0.0484375 0.10625
1 0.64140625 0.059375 0.0296875 0.11875
1 0.59921875 0.046875 0.0421875 0.09375
1 0.7234375 0.03515625 0.034375 0.0703125
1 0.47890625 0.0296875 0.0421875 0.059375
0 0.8390625 0.4046875 0.13125 0.1703125
0 0.39296875 0.65078125 0.0921875 0.1546875