2 0.57578125 0.6421875 0.8484375 0.715625
1 0.22265625 0.4171875 0.115625 0.1078125
1 0.29921875 0.20390625 0.0640625 0.1625
1 0.48828125 0.19140625 0.0671875 0.1671875
1 0.65625 0.16171875 0.05 0.1359375
1 0.84921875 0.10390625 0.0765625 0.115625
1 0.7328125 0.125 0.0734375 0.171875
1 0.69296875 0.10546875 0.0578125 0.0859375
1 0.58125 0.06484375 0.075 0.121875
1 0.5375 0.0984375 0.0421875 0.1078125
1 0.43125 0.1234375 0.0625 0.1171875
1 0.4234375 0.2125 0.084375 0.115625
1 0.36875 0.0515625 0.053125 0.103125
1 0.16796875 0.009375 0.0484375 0.01875
1 0.1671875 0.040625 0.0421875 0.065625
1 0.2 0.0734375 0.075 0.146875
1 0.2453125 0.08125 0.0421875 0.1234375
1 0.28125 0.05390625 0.059375 0.1078125
1 0.3125 0.0765625 0.084375 0.140625
0 0.86015625 0.42265625 0.084375 0.0828125
0 0.94296875 0.4953125 0.0765625 0.0734375
0 0.940625 0.6015625 0.0859375 0.0640625
0 0.93046875 0.7375 0.0734375 0.0796875
0 0.7953125 0.48359375 0.0640625 0.071875
0 0.83671875 0.60078125 0.096875 0.1046875
1 0.96015625 0.0828125 0.0359375 0.0421875