1 0.609375 0.6609375 0.78125 0.678125
0 0.2140625 0.45625 0.103125 0.09453125
0 0.26015625 0.234375 0.04296875 0.15859375
0 0.4453125 0.19609375 0.0453125 0.1625
0 0.6078125 0.14296875 0.03125 0.13359375
0 0.790625 0.059375 0.06171875 0.1078125
0 0.678125 0.09609375 0.05078125 0.16640625
0 0.6359375 0.0828125 0.04765625 0.08046875
0 0.51953125 0.0578125 0.059375 0.11484375
0 0.48125 0.096875 0.02734375 0.10546875
0 0.3796875 0.13671875 0.04765625 0.1109375
0 0.384375 0.22578125 0.06953125 0.10703125
0 0.3078125 0.07109375 0.0390625 0.1046875
0 0.09921875 0.034375 0.03984375 0.06796875
0 0.10625 0.09140625 0.034375 0.0609375
0 0.14296875 0.1109375 0.05390625 0.159375
0 0.18984375 0.12109375 0.02578125 0.1203125
0 0.2203125 0.08359375 0.04296875 0.115625
0 0.25546875 0.10703125 0.06640625 0.1328125