2 0.3359375 0.92421875 0.284375 0.1515625
1 0.55859375 0.5 0.0671875 0.1328125
1 0.72265625 0.4125 0.0578125 0.125
1 0.73203125 0.915625 0.053125 0.134375
1 0.70078125 0.840625 0.0609375 0.1390625
1 0.79375 0.9578125 0.040625 0.084375
1 0.690625 0.25859375 0.059375 0.146875
1 0.7203125 0.15390625 0.06875 0.134375
1 0.75703125 0.221875 0.040625 0.0875
1 0.82109375 0.23984375 0.0359375 0.0859375
1 0.92890625 0.24140625 0.0484375 0.1140625
1 0.903125 0.3796875 0.0609375 0.1140625
1 0.934375 0.44453125 0.05625 0.1109375
1 0.89140625 0.98125 0.0390625 0.0375
1 0.82109375 0.98984375 0.0484375 0.0203125
1 0.7640625 0.71953125 0.0375 0.0890625
1 0.7375 0.55234375 0.0390625 0.0953125
1 0.784375 0.3390625 0.0359375 0.0984375
1 0.78203125 0.234375 0.0359375 0.0734375
1 0.86484375 0.10859375 0.0453125 0.078125
1 0.9578125 0.3203125 0.053125 0.0953125
1 0.77109375 0.42890625 0.0359375 0.0953125
1 0.81171875 0.43984375 0.0453125 0.1140625
1 0.81796875 0.109375 0.0546875 0.059375
1 0.75859375 0.11015625 0.04375 0.09375
1 0.9578125 0.13671875 0.04375 0.0734375
1 0.91640625 0.846875 0.05 0.0671875
1 0.87109375 0.85390625 0.046875 0.1015625
1 0.83203125 0.59609375 0.05 0.1296875
1 0.865625 0.48203125 0.0359375 0.0859375
1 0.91484375 0.5359375 0.0375 0.075
1 0.9375 0.58984375 0.046875 0.1046875
1 0.9421875 0.75 0.0375 0.096875
1 0.790625 0.7 0.040625 0.0953125
1 0.77734375 0.49375 0.040625 0.109375
1 0.8015625 0.3765625 0.034375 0.09375
1 0.8578125 0.21796875 0.0375 0.0734375
1 0.98125 0.14375 0.0375 0.10625
1 0.9859375 0.3234375 0.028125 0.096875
1 0.97734375 0.51015625 0.0453125 0.1234375
1 0.875 0.6984375 0.0515625 0.128125
1 0.8296875 0.93359375 0.040625 0.0890625